940 973 963 929
482 214 276
933 193 45
966 358 325
682 318 239
961 628 751
57 289 899
260 354 384
581 645 889
232 940 569
451 125 25
626 900 655
184 715 312
712 198 27
783 708 734
212 564 74
470 819 221
899 224 12
885 483 537
51 107 374
871 837 170
809 239 363
95 619 889
210 514 802
570 205 722
263 486 253
7 614 762
473 658 810
308 443 797
691 519 637
116 383 8
544 364 667
329 34 203
491 104 163
238 248 721
152 518 816
809 799 527
807 781 493
218 660 294
21 400 391
574 335 646
178 90 402
33 448 859
733 27 128
688 851 882
346 136 37
562 663 20
673 190 861
40 59 724
683 450 771
761 45 144
725 894 311
936 152 213
661 934 582
731 605 15
540 44 133
358 50 266
591 705 133
98 123 470
32 347 261
740 213 219
238 57 205
791 311 734
701 529 441
362 768 128
473 416 525
39 839 192
398 34 533
611 239 765
135 877 234
327 205 125
131 586 43
228 21 667
964 215 317
603 592 218
808 818 531
356 866 67
262 329 131
580 378 502
563 424 401
362 757 928
492 163 100
846 44 671
62 609 49
916 490 659
770 235 686
620 244 329
374 79 225
738 588 920
601 908 71
129 919 729
342 165 5
517 299 542
662 774 252
520 23 500
544 28 200
256 44 640
168 810 88
108 830 863
87 446 355
465 178 416
870 633 720
577 626 685
930 58 917
318 370 484
790 503 691
945 139 480
947 289 488
357 510 490
325 676 720
306 129 881
71 447 168
732 657 442
468 300 702
473 346 245
63 886 263
167 232 27
764 676 245
49 837 377
344 411 83
779 916 260
24 635 196
832 738 905
34 202 403
321 165 65
345 557 433
661 291 61
396 602 284
15 690 740
433 792 634
596 125 721
600 776 751
970 807 262
58 533 343
693 871 207
706 168 802
117 684 104
918 821 138
192 753 530
294 641 914
546 54 10
45 879 790
32 301 839
252 761 382
572 852 533
552 781 477
583 918 675
175 919 32
561 284 433
948 691 188
753 805 22
289 152 415
274 595 556
652 180 397
369 275 331
81 893 897
434 892 687
578 952 500
438 75 223
446 497 538
711 242 327
295 618 151
343 628 333
451 258 89
750 808 547
573 864 40
875 812 862
218 699 874
912 828 349
121 953 157
55 239 655
332 542 30
654 320 426
547 498 266
868 329 702
112 219 682
345 109 492
172 354 713
830 783 533
238 140 306
333 203 248
893 521 22
769 608 617
943 617 81
714 680 924
529 669 738
452 251 248
189 73 516
418 179 811
5 442 45
557 323 578
115 139 478
283 648 115
870 390 185
794 462 240
465 423 293
255 507 807
34 783 925
542 456 144
147 673 126
853 190 908
234 451 228
333 328 689
967 798 461
74 725 211
283 796 858
196 668 5
495 870 715
927 697 847
503 420 177
247 5 299
116 149 692
265 953 850
504 187 446
899 715 612
299 535 823
142 890 702
103 77 199
571 521 265
146 637 666
403 151 416
176 258 615
283 63 97
666 309 477
282 490 191
502 963 692
168 665 779
545 179 513
880 647 462
256 262 156
905 786 753
693 457 515
449 719 174
320 583 686
172 876 13
206 660 282
22 300 846
951 3 570
451 927 699
160 199 648
57 475 744
918 351 345
789 618 167
724 50 387
388 246 39
273 502 901
160 719 30
480 948 592
560 518 546
911 154 136
185 963 210
74 66 651
147 569 121
651 418 387
674 365 673
679 91 579
129 940 192
221 146 198
264 445 905
959 679 414
353 726 590
781 17 728
105 6 203
380 695 886
621 13 730
842 612 20
39 847 338
662 661 788
53 524 910
6 5 203
654 721 651
54 890 658
93 885 138
589 220 428
837 908 134
82 180 456
361 223 904
47 209 166
679 275 551
242 155 730
836 329 659
427 463 645
108 591 894
836 927 800
919 752 686
7 799 422
29 433 875
201 849 333
913 689 143
262 379 282
942 936 48
425 477 180
892 634 295
417 619 662
335 182 285
797 362 685
757 79 653
147 476 360
405 243 139
444 583 327
606 535 384
693 566 233
17 716 483
358 76 764
259 910 391
122 21 404
93 142 923
494 202 369
68 579 927
264 692 236
510 33 361
178 744 222
562 686 620
133 432 739
156 396 308
82 324 523
69 622 557
9 141 440
734 418 505
176 378 58
620 30 715
942 44 760
116 558 648
945 373 680
734 913 760
598 438 780
402 578 564
884 765 718
341 573 350
276 947 891
112 77 641
949 605 553
115 22 572
64 342 720
832 650 615
802 63 487
503 123 216
894 450 433
556 554 437
113 99 367
336 675 770
686 302 503
500 786 737
462 738 515
88 564 317
681 223 704
491 425 382
692 469 169
693 597 429
466 792 85
436 633 435
125 602 760
534 702 180
493 277 614
918 538 721
681 441 768
318 677 772
736 696 476
591 519 316
417 525 31
903 777 790
808 687 387
959 447 592
75 183 89
189 132 378
25 658 726
58 374 510
697 545 205
213 557 656
851 120 430
305 597 98
342 118 450
585 367 639
92 108 366
687 365 733
473 344 617
805 435 616
893 852 419
620 826 817
105 15 858
619 680 711
169 215 873
586 441 67
433 938 77
93 218 328
809 56 104
956 358 191
103 192 490
680 553 690
892 411 84
692 328 311
667 517 887
146 482 207
465 101 587
853 588 311
951 55 188
85 663 535
492 768 248
656 711 861
532 507 391
822 905 529
342 323 745
59 673 365
93 851 711
835 88 372
766 22 586
955 622 720
799 172 643
967 398 581
708 211 614
746 859 272
14 846 7
536 435 853
159 417 104
159 199 290
723 42 217
777 403 214
353 152 511
135 430 390
80 312 831
825 727 843
737 360 793
24 441 521
884 962 579
109 951 604
403 374 455
627 694 847
260 312 254
603 60 137
364 693 396
565 619 898
694 307 344
281 473 310
836 322 555
855 295 399
872 294 748
44 793 281
773 748 79
62 577 528
952 75 382
873 45 86
209 826 427
71 740 73
221 246 866
413 55 189
804 370 160
926 381 699
512 805 782
901 855 381
333 167 850
312 356 252
214 892 84
7 8 345
591 186 89
361 314 554
840 484 463
638 184 827
576 608 739
144 96 258
605 324 210
884 156 700
162 257 175
179 106 661
456 502 642
218 13 104
651 81 821
815 39 427
61 532 927
59 107 139
80 894 895
190 174 45
306 234 56
575 521 666
537 250 272
751 814 588
889 711 282
789 121 638
141 805 642
616 504 601
810 568 792
196 643 496
131 479 737
426 671 453
501 367 440
973 693 812
415 351 786
718 505 405
171 822 471
46 545 703
767 632 844
588 100 38
58 844 495
291 417 747
677 80 209
397 178 498
652 81 861
383 814 69
885 422 741
41 477 729
586 225 25
3 84 366
904 745 533
765 482 475
421 199 911
852 669 865
433 694 238
394 510 40
635 160 175
199 962 541
427 275 406
662 198 537
920 852 800
721 388 278
211 350 809
424 84 454
643 351 44
256 714 282
129 79 52
616 618 377
381 247 460
320 141 114
247 146 273
231 183 802
665 862 629
389 909 800
740 634 623
960 2 725
972 239 249
621 877 921
116 917 31
242 381 455
873 141 118
915 384 417
238 497 811
86 679 374
771 763 655
664 726 548
669 229 423
193 269 254
697 709 201
5 432 65
303 159 596
777 94 513
11 625 184
770 308 8
242 755 367
228 293 868
82 822 8
139 551 53
927 430 216
709 345 741
581 172 382
910 532 429
32 566 59
923 810 851
945 701 145
738 297 419
431 246 624
517 733 105
403 522 90
880 712 814
15 121 866
870 445 836
403 434 508
512 333 141
213 120 517
850 944 714
100 107 640
13 634 225
873 754 851
713 551 658
767 889 528
224 814 696
970 572 762
144 855 669
62 91 278
306 170 439
636 588 914
767 77 755
254 206 358
584 168 212
67 341 747
527 373 891
745 390 369
109 874 706
937 262 822
943 542 570
755 66 526
181 630 231
127 872 22
134 643 327
686 860 414
227 304 148
423 156 871
753 526 283
310 610 763
972 663 282
372 354 54
77 551 747
589 622 708
943 765 119
789 962 206
894 20 730
899 484 661
469 178 174
383 574 128
428 343 272
373 701 736
395 250 352
662 488 842
54 294 497
41 30 31
146 210 51
321 479 872
765 491 359
400 34 57
481 935 139
346 283 490
550 15 564
349 800 481
388 682 408
855 549 72
758 47 427
910 396 246
720 273 475
665 123 47
354 478 47
144 442 34
837 757 796
845 857 512
502 814 538
425 112 879
387 181 422
964 433 814
338 273 850
854 586 370
264 916 345
3 928 292
539 359 412
421 382 631
881 500 438
361 882 409
1 832 779
11 263 255
930 747 691
179 326 248
643 597 250
910 469 106
138 917 255
337 561 382
321 828 812
657 251 839
712 763 583
647 895 98
546 280 681
656 605 397
306 788 696
841 892 601
112 278 673
827 48 782
534 571 504
776 23 371
442 141 290
260 588 424
900 352 536
112 385 618
596 18 266
475 654 617
390 190 489
305 304 921
203 787 629
895 257 399
75 369 511
862 140 55
605 693 398
780 181 242
56 556 432
67 235 403
552 602 539
959 476 173
240 724 356
813 841 897
522 799 507
403 949 837
100 719 106
443 491 616
138 764 147
58 357 167
923 603 863
221 209 443
183 839 392
727 747 828
402 586 902
583 61 911
379 905 88
326 489 569
899 501 335
326 56 699
652 37 557
943 384 93
567 527 24
747 87 763
597 609 600
401 737 823
278 829 18
867 251 229
207 905 738
411 286 398
107 883 755
52 284 258
695 448 240
698 79 768
697 743 469
533 688 78
453 709 580
622 853 228
674 917 828
514 614 211
648 68 556
776 695 472
685 22 914
482 477 789
730 363 23
206 377 121
404 842 413
298 39 805
300 700 832
752 485 184
215 255 761
268 300 122
149 149 741
571 836 289
109 242 446
117 480 351
829 873 140
703 665 80
312 501 736
789 157 630
132 589 616
596 515 210
689 614 65
819 461 93
839 220 786
859 621 474
888 936 507
4 446 628
73 401 494
797 138 886
574 427 346
770 444 12
780 674 228
441 109 888
93 847 836
809 93 666
946 845 351
340 869 727
417 1 468
598 732 338
666 93 517
899 615 345
34 872 867
27 899 408
652 270 561
297 415 424
563 16 857
426 578 734
827 629 128
195 126 663
68 519 865
246 568 546
705 844 507
159 53 440
346 90 455
435 531 454
255 946 452
406 755 835
916 836 857
850 276 21
666 804 697
117 284 52
173 663 194
107 917 229
682 261 914
815 306 323
689 577 672
876 104 805
687 558 782
934 644 163
571 165 102
832 870 738
214 678 316
965 181 198
354 215 770
471 518 136
213 339 913
827 738 912
781 174 73
718 268 778
20 84 317
398 448 348
165 548 9
572 62 712
968 940 603
235 359 851
794 281 266
815 37 209
320 905 15
802 510 706
672 540 610
916 129 49
914 918 674
744 152 130
725 828 691
957 820 324
383 470 534
919 332 317
881 160 94
473 466 846
126 735 518
561 342 97
935 105 175
304 939 116
733 180 104
100 792 248
610 586 896
2 475 767
748 369 379
596 796 825
844 596 341
659 181 538
292 390 254
153 425 45
345 894 864
325 882 183
311 169 723
65 293 622
772 677 260
600 356 262
657 285 813
485 165 51
770 706 88
140 816 911
475 780 893
368 844 830
821 546 438
560 750 189
385 89 100
10 606 729
460 119 431
820 950 105
132 679 167
447 896 855
205 158 505
254 213 143
622 338 823
895 462 169
336 921 32
406 5 815
5 473 551
412 914 427
458 750 413
211 826 505
137 835 896
111 42 423
763 396 185
157 302 137
76 815 403
570 932 803
876 457 323
49 664 598
422 350 96
361 253 870
292 549 598
204 23 621
332 527 184
277 893 860
595 40 114
318 119 911
412 830 592
161 757 417
603 574 786
20 132 523
573 785 51
866 640 492
907 168 31
560 740 303
735 14 257
970 396 742
452 794 820
31 59 71
566 734 286
445 721 670
527 654 530
617 515 674
818 765 801
155 631 637
385 380 97
170 201 242
949 340 584
779 757 849
40 181 475
322 21 33
846 447 407
257 754 613
47 836 36
646 42 748
495 318 134
840 59 206
465 110 366
304 66 464
659 692 4
734 825 697
954 231 62
212 331 847
693 478 375
887 153 369
928 552 787
459 490 766
799 57 550
728 153 562
656 265 127
261 496 29
845 450 16
285 84 743
610 822 58
467 356 542
179 632 520
411 834 196
850 859 247
961 375 261
73 237 821
86 519 478
656 127 878
305 205 600
780 62 874
867 884 204
601 919 743
174 197 172
667 360 777
214 321 722
729 99 797
