963 996 982 940
580 963 58
447 115 51
873 959 875
286 492 420
417 177 361
589 576 20
3 181 90
405 395 603
637 640 595
521 691 248
79 270 870
9 771 507
924 580 281
779 830 508
478 418 721
804 792 335
553 169 465
895 195 578
672 197 474
168 121 116
922 657 875
857 244 579
364 414 568
976 640 393
269 702 90
834 471 112
589 146 86
405 871 231
846 620 268
802 117 647
679 673 187
108 763 534
143 933 474
40 203 476
565 842 725
122 278 49
992 247 440
238 785 672
330 300 542
161 767 728
885 862 551
622 492 917
521 93 60
261 836 328
809 217 156
192 208 98
284 222 662
904 856 253
912 913 633
670 785 716
253 765 431
465 134 227
792 928 333
232 366 837
764 258 65
92 716 878
196 498 677
36 396 305
523 373 157
181 266 538
508 395 65
646 82 227
68 971 837
282 65 315
924 528 252
707 510 309
187 525 502
326 246 384
715 331 235
199 364 174
60 915 400
570 818 911
820 603 31
159 406 647
996 262 870
240 584 449
512 610 629
737 296 392
626 735 711
741 636 287
5 877 814
819 569 529
960 203 934
964 328 612
678 305 179
381 755 697
710 190 205
103 542 288
414 569 55
354 544 634
78 772 936
225 528 633
154 190 388
444 123 554
465 46 727
865 666 708
35 781 278
168 470 20
597 268 865
724 631 470
3 701 74
649 459 430
820 783 15
423 860 68
519 296 374
292 97 590
512 353 489
66 62 156
213 333 940
588 338 811
176 277 495
737 188 865
648 284 792
437 917 634
726 737 404
960 224 933
897 600 714
939 483 860
773 234 306
943 823 833
279 589 876
888 139 245
666 353 860
775 57 145
810 324 45
474 923 926
629 380 472
183 641 609
19 742 306
986 958 372
486 594 139
980 342 303
567 677 625
188 548 409
729 682 84
96 290 746
409 97 315
353 671 835
98 204 217
796 675 491
494 469 273
726 598 526
273 687 3
207 516 819
828 574 699
82 140 317
400 100 696
785 443 184
773 501 300
861 162 161
907 112 708
444 632 847
96 364 517
306 459 582
839 403 465
121 320 594
20 425 212
826 624 786
298 479 93
235 719 797
385 313 451
615 771 662
966 218 760
101 732 171
240 640 505
616 517 562
677 152 590
654 900 419
971 186 424
934 275 685
808 794 89
836 642 367
44 427 312
254 404 869
543 342 507
847 471 204
977 373 355
872 310 904
856 679 259
15 22 474
629 223 478
612 550 816
543 270 760
13 87 419
821 556 856
427 554 143
173 608 638
575 835 839
213 197 937
313 719 6
379 920 645
722 713 738
196 875 500
653 245 68
785 702 815
223 122 242
541 642 284
365 290 565
831 650 922
760 158 57
348 724 280
302 716 128
640 416 905
728 780 192
50 677 145
86 362 781
290 157 818
262 469 301
684 868 737
8 547 775
212 627 448
259 235 839
193 529 457
672 121 489
685 484 302
650 978 69
373 460 378
749 701 142
164 817 740
904 153 150
533 979 876
951 776 883
365 628 841
935 144 310
761 116 871
177 950 609
15 200 493
434 879 563
503 191 83
70 819 771
43 792 19
862 247 521
621 763 751
874 952 249
704 106 454
156 322 122
601 375 816
948 608 553
388 273 900
627 115 531
785 176 347
434 319 212
194 62 152
476 873 63
95 39 63
641 337 753
124 640 325
159 616 57
313 849 192
830 394 726
444 669 482
712 151 641
127 622 113
488 666 632
422 962 824
954 201 486
651 508 579
718 876 289
648 437 333
363 478 667
458 326 511
884 511 79
729 850 398
4 374 134
338 831 645
850 186 802
250 543 372
935 222 193
600 101 641
797 231 361
198 318 270
722 582 596
675 215 331
178 794 449
968 866 755
562 763 702
764 969 10
830 377 243
818 935 434
717 823 795
60 406 20
994 976 452
773 174 737
939 498 5
636 576 160
571 663 246
199 542 687
251 179 774
583 726 340
190 437 220
720 864 420
373 337 774
141 667 782
487 658 357
601 224 895
807 171 458
190 709 190
486 404 350
244 236 766
41 105 864
741 361 569
193 947 266
552 234 536
16 525 352
599 813 843
919 542 862
532 890 100
654 348 95
547 343 28
373 183 36
418 692 312
407 284 26
683 268 68
835 63 175
639 13 849
674 519 118
515 41 594
874 464 731
716 528 205
383 680 570
729 408 14
851 396 187
187 680 925
472 29 308
89 759 866
559 372 538
239 485 29
702 580 119
326 54 110
501 274 294
988 283 217
566 338 861
428 242 286
508 70 210
766 690 713
556 891 73
356 948 773
718 195 569
4 833 687
31 193 839
378 745 59
408 621 810
140 423 400
889 596 348
313 574 226
208 426 627
854 252 513
240 898 592
317 835 273
783 425 293
782 582 307
5 47 625
516 44 617
447 162 262
230 117 493
209 384 733
841 954 14
703 151 640
499 470 837
498 648 850
149 980 801
189 160 36
717 854 476
863 320 138
862 257 102
441 744 288
933 83 294
298 109 857
99 300 443
987 372 728
527 310 125
305 153 710
101 652 134
100 735 47
581 597 822
628 218 747
323 609 868
628 641 420
167 754 717
797 732 110
993 666 559
899 948 912
575 317 269
954 982 772
520 259 298
72 223 127
959 35 132
866 27 836
350 440 374
541 793 570
821 929 926
98 109 99
12 307 467
100 882 879
683 884 828
419 812 280
955 224 679
302 263 473
523 483 71
675 502 329
31 178 527
414 81 358
85 697 810
936 205 316
161 433 96
421 235 751
23 543 709
367 779 496
645 514 437
888 361 55
340 298 791
958 841 601
412 117 742
342 871 426
752 435 782
473 623 319
775 568 371
290 538 152
523 468 937
582 906 506
855 402 557
303 554 113
225 396 145
590 366 166
22 259 480
255 200 376
74 962 776
754 5 62
718 507 615
213 253 759
482 347 107
618 894 421
709 11 708
343 750 912
874 325 114
829 703 425
10 278 411
167 471 564
315 63 889
942 512 222
266 668 17
44 570 319
79 768 544
570 719 245
329 935 340
339 938 849
654 970 79
478 720 606
466 829 901
935 591 596
983 366 52
618 437 39
813 760 737
538 316 15
299 663 169
66 927 287
340 608 417
938 620 801
198 81 177
741 36 698
464 929 608
515 56 81
336 562 826
47 434 133
53 237 78
390 127 105
238 110 871
819 310 68
595 303 150
141 875 644
693 252 523
489 200 311
419 341 363
804 281 673
406 383 819
217 233 334
114 144 823
144 72 185
96 461 99
485 147 305
232 924 553
410 426 656
742 185 894
588 598 831
975 120 765
314 383 903
916 61 875
95 284 641
381 741 480
108 711 416
599 232 311
287 473 194
609 2 496
168 400 343
291 262 45
267 304 497
318 652 369
534 706 229
229 407 220
987 137 583
81 807 753
68 660 282
970 968 747
125 693 885
895 279 849
263 564 863
979 826 249
128 978 424
32 840 129
715 184 212
365 962 43
699 431 119
659 717 761
370 955 79
919 279 239
143 184 398
502 475 41
707 739 57
930 440 883
940 663 901
910 903 678
971 735 589
449 103 533
336 641 67
375 242 338
239 91 250
726 756 772
380 412 8
825 202 577
324 681 104
239 483 83
656 585 364
119 312 652
384 321 667
436 782 352
357 944 77
343 843 386
763 878 119
784 373 381
270 890 495
157 156 441
41 542 716
339 710 674
219 839 230
995 924 903
148 962 517
872 176 722
72 947 703
550 180 597
20 171 562
271 552 376
665 690 611
951 488 444
21 327 550
244 246 8
280 141 773
585 528 6
618 200 797
904 977 586
81 367 267
349 652 178
468 562 43
484 234 460
186 833 376
970 828 515
745 760 182
157 333 503
390 234 63
54 203 658
26 411 101
731 767 289
55 973 274
165 680 127
10 453 688
465 576 429
325 346 704
441 173 833
136 203 546
780 652 236
406 833 772
982 357 121
854 347 537
637 84 690
711 662 11
875 470 761
495 456 365
408 28 675
348 36 636
865 904 668
11 959 721
467 327 512
843 834 338
807 77 892
346 695 513
313 589 485
77 436 126
109 4 690
523 592 723
375 471 432
315 236 483
477 793 613
425 929 67
759 83 473
31 646 178
631 274 599
233 353 753
571 198 100
498 940 278
841 172 361
393 389 367
154 313 109
121 648 183
371 710 550
350 139 542
322 67 834
317 580 829
111 94 552
613 580 370
398 678 523
311 321 284
848 977 484
231 578 916
626 383 317
648 835 113
582 353 483
597 693 918
96 880 51
174 311 76
393 944 398
1 439 706
120 35 126
512 263 56
320 892 900
612 464 771
936 121 714
687 325 635
44 187 261
440 254 874
265 507 706
405 386 396
902 20 185
149 738 71
228 713 272
725 693 821
180 145 810
241 317 82
881 969 28
507 515 920
630 342 839
355 47 659
792 123 183
678 851 356
565 541 922
814 975 20
81 707 922
155 444 32
203 284 163
235 880 819
134 494 481
160 665 432
798 319 829
377 345 48
887 914 461
357 780 872
634 358 89
498 866 169
162 618 72
858 79 353
480 99 17
173 314 635
327 940 660
602 705 97
84 188 415
390 461 566
469 880 613
479 567 13
582 802 318
986 457 820
561 314 540
801 605 306
473 826 713
960 726 398
7 889 904
404 51 169
152 190 178
416 806 708
996 352 786
712 424 554
449 150 288
826 695 327
956 784 624
160 587 79
899 725 564
769 396 824
663 660 926
711 616 73
631 524 877
761 509 115
553 950 910
417 98 196
830 24 187
885 9 576
421 160 69
341 418 587
589 145 38
77 465 361
273 101 697
174 345 345
656 610 51
368 173 412
380 593 412
412 589 493
223 415 289
946 444 655
572 342 526
477 134 667
447 551 828
296 110 709
335 177 330
372 623 545
561 208 755
119 549 107
924 936 495
436 59 469
973 544 24
314 979 163
902 705 281
33 164 860
873 16 669
943 87 347
169 552 173
571 952 247
786 629 771
60 564 710
687 349 474
459 958 136
387 215 138
926 42 131
60 769 176
342 382 255
83 838 399
766 727 291
333 112 739
136 380 866
517 73 841
587 691 360
262 552 868
133 23 530
992 4 560
836 208 718
318 378 54
762 232 767
827 126 74
510 582 37
524 657 456
198 164 790
203 413 775
752 660 40
943 262 861
659 715 401
277 896 35
557 643 740
186 459 928
576 896 735
842 800 641
874 193 404
445 229 806
287 621 253
390 491 135
833 184 296
478 626 257
164 62 753
539 508 627
593 474 832
496 73 135
559 473 152
451 18 96
224 826 747
664 437 342
541 258 330
239 163 106
338 244 243
853 892 817
214 114 521
990 528 191
675 670 683
366 276 547
986 659 110
566 532 719
54 272 435
102 459 795
334 473 55
906 193 44
275 627 123
612 629 560
724 533 564
295 588 774
642 205 379
91 697 490
146 974 850
71 65 209
250 268 493
807 884 93
451 597 713
115 274 620
169 138 679
125 548 660
967 555 449
68 703 38
761 95 647
308 887 401
420 516 254
229 861 819
907 383 821
233 7 740
737 578 199
51 933 724
649 56 76
792 281 501
394 437 196
853 303 386
990 328 404
663 668 170
577 759 248
289 443 365
36 909 827
687 813 153
652 219 2
44 593 208
282 244 33
97 16 101
743 965 918
845 225 756
988 747 909
856 947 787
563 786 903
196 612 485
626 743 373
148 472 167
931 534 919
65 751 575
377 164 121
41 1 293
222 854 783
914 515 101
478 109 243
512 408 710
842 297 344
249 370 835
37 299 693
577 957 122
344 631 553
457 293 930
66 140 636
306 475 903
608 534 86
993 386 617
346 643 228
675 43 482
35 948 533
190 613 88
924 359 120
616 122 709
586 955 675
798 688 376
344 361 404
159 118 448
897 891 505
473 837 405
24 513 72
973 77 612
216 127 879
393 726 364
906 105 44
438 948 161
740 619 117
57 52 413
193 292 885
935 78 360
29 232 37
93 329 574
699 729 465
217 627 917
703 167 169
666 636 230
979 47 218
275 913 834
236 531 34
156 961 635
179 421 426
769 818 383
781 527 848
44 375 695
529 276 72
482 578 507
763 28 619
55 890 705
758 629 7
173 909 224
892 465 589
743 296 658
522 556 219
696 942 550
864 360 193
957 342 23
458 686 376
313 645 766
17 4 920
106 838 400
806 242 175
627 882 77
975 536 935
335 672 79
975 43 696
436 719 311
684 673 864
679 44 281
169 688 2
99 22 438
952 467 32
847 37 209
768 825 314
191 263 661
955 86 857
212 409 520
756 491 407
901 535 461
63 177 331
990 657 379
354 735 356
691 356 394
328 165 641
505 17 523
13 420 195
677 772 630
729 726 361
220 789 389
398 701 821
397 96 136
121 352 756
327 963 545
202 913 654
978 498 330
471 601 672
186 52 641
565 961 423
790 235 515
434 490 314
196 982 337
863 520 593
280 601 271
852 487 848
609 628 18
821 567 275
287 314 460
652 770 890
706 188 686
395 453 459
663 958 279
849 261 615
351 413 263
508 319 502
435 410 666
