999 986 921 987
325 716 842
799 165 623
863 331 4
683 406 366
964 17 679
899 363 209
515 71 821
530 243 870
821 585 966
371 423 699
767 661 30
531 112 77
587 692 955
793 344 516
624 302 935
947 596 44
863 259 905
308 291 543
287 64 750
355 503 426
100 144 304
856 862 220
821 763 313
484 418 690
624 883 532
618 245 529
43 676 279
521 622 561
636 182 458
66 165 448
98 607 809
893 882 388
674 812 161
436 134 120
486 902 708
301 915 948
277 21 863
635 821 673
256 178 974
626 915 821
193 8 860
356 406 715
832 7 400
695 843 539
829 52 245
759 244 161
42 235 76
591 600 574
181 763 157
31 784 956
257 597 448
710 644 205
328 890 686
64 191 354
541 804 490
300 234 910
602 897 538
873 179 658
848 894 623
94 750 984
966 744 602
844 95 884
658 206 951
374 191 241
927 734 920
578 28 163
291 805 212
493 102 700
456 378 498
2 559 83
618 74 629
346 124 598
550 564 705
723 663 622
752 789 774
658 751 408
102 287 979
224 760 573
878 111 375
715 621 427
850 499 227
613 623 84
123 464 560
178 167 521
43 811 708
192 431 199
898 776 379
824 32 952
975 351 174
879 542 794
812 428 135
317 57 43
864 522 435
203 571 283
426 809 135
391 636 261
970 318 949
941 666 444
938 718 840
455 707 501
290 849 467
117 723 608
908 355 537
28 520 166
133 377 806
422 38 156
755 70 845
516 882 732
722 826 250
980 796 68
411 909 396
54 136 178
606 867 50
623 848 969
889 722 223
139 603 912
976 410 87
212 818 43
652 153 602
855 722 526
417 436 652
554 205 669
824 62 254
131 561 15
345 270 818
370 478 18
684 770 149
259 437 378
865 399 876
687 691 838
460 477 514
563 195 328
207 691 304
934 478 259
389 582 5
875 593 757
21 21 715
573 48 29
877 370 839
786 302 275
104 838 316
235 915 701
211 53 22
177 423 689
783 441 372
866 178 517
50 227 89
192 486 18
347 317 745
660 158 162
27 521 731
514 892 416
674 482 853
543 34 198
296 757 188
640 216 101
372 90 870
732 113 62
862 265 157
319 101 804
950 194 579
520 208 617
347 480 844
395 252 47
434 355 966
383 401 985
939 538 56
712 776 336
881 442 814
588 665 151
206 703 524
660 845 850
328 440 316
539 760 173
821 84 260
954 438 537
791 390 2
665 780 167
891 387 356
124 584 708
798 27 499
974 799 29
357 153 79
721 155 702
871 916 682
537 561 469
194 112 859
180 664 972
132 504 143
791 797 579
116 520 48
725 863 260
228 452 762
654 682 815
681 915 416
703 197 399
868 321 680
687 107 179
386 670 71
825 878 902
533 289 335
669 849 815
826 14 199
51 666 11
941 169 412
87 324 711
701 233 675
392 17 560
673 656 750
139 125 554
520 702 764
669 219 609
532 87 752
770 297 289
660 213 861
6 795 367
941 840 82
954 95 781
762 117 165
236 647 228
583 612 2
691 415 137
681 220 46
228 92 512
247 307 587
287 727 682
826 59 519
691 275 436
678 36 477
766 377 554
914 483 553
177 812 789
326 132 323
985 778 129
389 576 102
568 545 534
533 837 804
973 621 582
470 1 766
942 504 99
524 337 512
817 732 720
787 70 6
779 26 789
147 682 778
474 676 787
374 391 686
656 838 452
464 352 214
500 683 225
314 709 288
739 898 94
148 317 270
692 495 255
275 846 116
873 489 454
696 422 830
389 29 41
414 438 407
46 348 482
215 282 830
871 644 269
723 532 168
202 11 393
737 377 678
985 151 533
825 911 12
5 106 543
846 519 938
407 539 214
634 567 765
4 679 756
611 212 577
88 131 880
389 184 659
583 793 431
500 819 475
164 764 563
861 117 656
594 884 113
350 20 109
580 452 640
913 838 976
366 171 512
173 861 18
709 435 663
750 661 159
344 599 644
389 476 531
686 704 485
627 51 851
323 529 154
319 808 78
912 589 629
102 819 88
245 873 589
151 732 545
611 128 702
618 784 833
353 138 811
396 474 101
483 911 217
147 863 837
476 589 862
497 214 299
307 127 250
493 53 108
629 404 380
212 67 176
102 414 621
123 645 826
284 666 567
340 780 805
430 201 500
190 549 932
940 521 131
294 610 327
546 127 485
886 718 16
772 373 740
913 661 343
408 24 631
714 80 388
833 692 737
347 859 546
451 236 361
743 553 629
903 225 563
485 841 292
69 226 484
788 522 644
311 133 229
626 779 183
685 297 401
347 481 499
829 726 415
378 359 251
312 298 206
861 702 216
207 435 387
68 255 447
602 503 175
585 449 3
3 263 348
582 350 617
239 639 633
517 64 177
761 567 54
336 722 342
349 99 413
869 457 653
220 207 91
781 569 761
564 22 663
649 862 850
92 41 840
311 97 253
155 781 550
810 380 472
388 89 180
512 184 718
58 503 702
126 920 422
507 893 534
276 232 346
380 126 366
264 692 780
166 225 681
38 883 58
257 425 136
764 570 809
17 92 481
129 576 905
185 557 797
93 892 486
594 489 256
513 747 461
463 394 79
883 71 446
61 535 679
620 253 824
679 446 140
542 751 7
278 843 106
818 164 342
157 551 754
513 536 59
521 547 537
25 302 18
50 227 489
99 538 403
961 698 377
631 303 291
788 2 194
482 571 293
21 853 194
254 812 186
793 619 490
97 277 479
66 900 845
820 18 961
494 292 205
794 793 665
716 185 389
123 13 413
972 738 96
163 554 564
741 754 382
966 669 697
372 769 37
776 514 58
249 510 518
209 275 597
240 61 530
920 372 501
81 71 704
221 261 639
429 844 76
129 326 119
488 650 978
708 129 105
113 895 448
794 715 556
226 14 599
596 450 675
297 586 546
723 235 914
849 54 726
448 553 717
79 256 939
395 228 110
471 445 766
530 537 880
192 129 962
299 838 82
425 708 513
333 436 439
206 2 804
919 909 638
222 431 904
616 60 344
653 746 511
938 736 232
194 197 145
108 149 297
809 555 658
939 835 344
382 340 504
499 738 286
384 671 355
867 854 900
823 491 240
131 351 26
144 71 289
565 338 609
70 513 772
502 97 804
12 441 768
50 603 314
15 94 574
771 285 27
222 774 883
976 596 322
449 828 393
207 440 340
462 217 378
177 643 278
180 887 551
711 64 710
537 414 505
9 259 253
304 9 312
224 153 823
580 910 305
473 787 940
238 81 809
525 328 402
403 636 773
704 342 651
5 229 386
87 485 713
575 535 937
425 689 828
572 607 434
724 704 909
581 140 650
916 659 375
448 167 317
787 249 245
703 712 844
132 165 210
883 346 45
579 864 785
134 328 858
493 642 122
554 1 155
84 40 892
706 845 950
838 171 47
981 95 883
944 829 201
721 215 920
887 816 280
158 567 734
661 30 435
381 838 976
199 897 117
618 267 887
484 87 45
803 815 912
441 519 101
775 502 328
193 457 33
536 412 564
249 31 440
942 619 205
183 566 760
305 581 187
809 680 592
438 544 517
30 295 180
380 858 153
474 644 481
103 724 322
702 659 560
584 860 797
514 139 629
690 332 172
898 548 171
130 125 819
68 777 287
532 574 590
748 330 294
911 368 595
226 217 931
215 234 437
414 548 479
318 789 122
512 305 179
313 720 421
420 39 763
255 782 113
102 742 472
908 526 199
920 382 541
525 480 332
315 708 802
833 298 454
409 896 782
514 299 104
378 308 949
903 404 175
339 623 50
44 244 431
162 496 551
955 80 502
192 152 714
258 877 226
821 831 529
117 316 847
838 349 394
110 8 683
95 693 455
439 258 222
952 659 233
918 239 239
108 394 779
26 101 143
53 318 120
160 155 852
630 414 517
465 246 723
731 438 380
81 331 562
745 225 126
934 545 741
216 596 227
604 533 340
930 798 749
617 199 790
307 843 830
550 677 807
633 107 682
774 18 155
219 391 718
206 374 46
453 240 571
701 37 757
332 536 864
156 538 436
330 80 620
337 492 698
636 280 456
83 654 41
458 460 934
71 479 813
511 783 487
143 465 348
10 645 311
171 537 461
489 499 138
172 858 939
730 429 265
435 131 429
102 748 904
801 813 284
130 829 320
667 81 811
383 353 473
342 808 673
172 786 39
101 736 904
951 362 207
923 583 320
799 482 933
77 243 814
557 822 317
885 434 709
506 285 629
45 913 950
398 365 866
477 399 335
115 659 848
756 143 104
149 484 81
969 146 553
41 651 663
657 104 322
709 721 180
894 85 618
581 4 740
812 803 709
774 4 365
126 509 110
104 407 271
2 893 825
142 604 233
23 386 257
673 36 82
28 554 732
50 149 527
34 530 22
627 167 147
266 246 182
252 744 819
976 540 405
448 654 618
853 586 228
773 457 571
158 680 170
967 727 359
109 126 43
387 456 215
779 437 399
155 573 701
300 208 321
563 403 16
4 549 704
201 73 689
203 866 939
657 666 49
601 87 733
155 109 256
478 750 879
534 296 669
814 313 258
287 194 333
648 288 524
450 693 842
471 74 455
210 591 944
723 46 321
232 73 859
764 143 620
974 67 313
312 609 68
198 16 67
6 10 640
394 357 559
779 851 310
694 436 677
20 890 708
775 241 515
237 625 441
259 346 419
506 493 895
612 718 594
728 515 519
679 870 254
837 683 158
361 328 618
615 188 9
647 695 280
822 104 165
214 493 739
926 36 657
488 592 558
564 463 298
124 879 781
102 11 195
131 34 310
51 83 448
708 229 427
556 522 867
769 535 592
100 773 345
163 91 507
386 417 911
143 697 916
87 788 591
55 87 138
73 555 887
720 521 459
524 751 840
420 341 410
946 371 290
693 88 455
959 218 694
95 273 683
129 561 151
165 178 629
708 444 336
735 722 585
510 349 882
476 628 698
39 21 350
384 524 651
78 900 604
487 39 173
629 528 715
467 429 897
684 206 398
455 681 2
272 722 385
603 352 332
628 462 582
629 475 270
870 452 22
137 409 636
67 254 971
325 582 54
517 555 798
781 77 452
508 436 886
378 167 766
15 635 450
430 876 83
743 483 787
132 588 918
369 44 38
61 630 75
642 575 734
246 140 816
78 702 678
593 347 269
201 336 877
890 844 180
797 454 144
251 379 170
599 638 185
949 775 480
852 907 400
764 574 690
505 202 794
979 504 530
29 174 7
197 112 32
404 2 927
865 217 277
939 902 663
677 734 150
637 31 177
485 650 126
184 536 804
95 297 759
708 266 898
752 509 904
752 47 596
89 417 501
65 246 451
465 359 465
566 897 537
408 13 380
735 452 511
59 660 130
890 783 16
686 702 274
426 355 556
396 834 796
597 183 761
274 458 199
790 44 922
434 20 704
57 454 404
202 313 106
818 13 733
239 793 373
604 794 229
960 486 812
608 252 879
373 700 44
411 749 304
383 36 610
84 733 517
625 67 852
885 849 334
932 413 846
100 19 813
79 915 809
853 341 151
758 910 590
230 255 844
819 466 356
768 652 830
468 843 188
727 434 183
527 560 95
421 695 725
127 457 551
138 714 570
195 604 709
766 31 836
572 898 794
211 889 873
47 601 505
290 550 976
44 806 611
113 46 638
911 398 20
663 826 570
82 349 341
101 439 491
658 468 30
636 222 722
788 367 158
71 53 314
186 114 413
525 548 681
138 360 441
185 400 804
884 448 848
146 308 542
349 113 405
314 584 68
53 404 705
835 294 528
215 143 592
450 428 734
485 579 101
383 359 35
272 55 594
980 32 271
694 335 879
781 825 173
7 901 564
43 828 747
314 723 563
903 788 380
542 917 450
781 180 626
766 526 196
273 71 340
325 786 964
972 377 496
841 761 925
963 772 918
340 805 627
937 685 150
84 648 183
674 103 561
198 57 590
769 717 341
872 233 834
695 342 26
3 468 528
110 144 452
706 474 82
512 280 417
43 57 846
834 543 470
95 762 760
26 667 887
770 892 821
543 617 877
590 625 725
296 834 937
220 181 426
751 333 156
294 607 612
986 138 24
307 463 173
934 301 899
963 572 278
76 805 811
927 247 30
259 467 328
383 283 101
313 605 864
418 216 825
781 189 692
968 489 389
980 471 452
70 469 700
21 233 953
294 23 24
357 604 401
209 765 887
519 715 859
120 619 57
419 492 675
2 189 735
647 310 351
846 844 744
838 680 289
323 614 208
619 32 729
514 894 98
761 556 935
377 423 841
641 466 377
211 600 26
648 482 515
421 113 271
617 836 561
187 349 472
140 273 281
323 316 353
203 148 101
831 721 102
766 454 327
760 18 290
92 495 524
725 332 900
287 486 426
804 169 707
853 788 703
38 326 674
969 776 96
965 646 363
497 302 634
70 521 458
302 527 680
562 173 971
210 238 437
857 250 542
853 43 171
169 481 632
922 598 627
603 200 268
320 839 529
290 384 38
100 402 206
337 452 979
724 609 869
788 325 581
589 227 381
807 87 825
188 280 194
256 472 738
423 221 806
128 160 545
488 576 46
620 639 76
76 96 683
228 753 637
512 2 740
678 620 288
600 59 703
51 423 139
687 301 94
339 463 340
341 164 393
785 816 362
782 85 390
864 645 31
643 258 279
855 329 679
115 7 477
72 868 942
141 811 861
431 640 370
260 15 859
877 15 721
541 827 699
822 281 945
110 910 878
364 424 877
58 75 427
221 679 627
752 794 404
226 177 914
351 525 756
735 592 98
640 68 354
42 842 584
387 256 123
546 762 528
503 822 454
128 117 835
