3498 1747
902 332
3153 699
3153 902
819 2478
2478 3153
2368 1766
1766 2478
676 855
676 3153
3143 2303
2303 3153
442 630
630 676
926 3145
926 676
1579 3315
3315 902
3354 921
3354 902
702 621
621 819
595 2035
2035 621
2403 3128
3128 926
3487 1792
1792 921
3014 1958
1958 702
1022 199
1022 442
2334 1978
2334 3354
2931 3166
2931 2035
1481 847
847 3354
2379 2240
2240 3014
2459 2356
2459 3487
1202 3132
3132 2403
3262 1445
3262 847
3110 2085
2085 2303
3022 836
836 2303
2471 2783
2471 3145
3289 231
3289 2035
1092 3180
1092 1481
173 3039
3039 3110
2605 2622
2605 819
1105 2127
2127 1978
3168 2077
3168 2379
2139 1920
1920 1958
730 2815
730 1579
66 1699
66 1022
2929 2998
2929 231
1595 729
1595 2783
724 1352
724 855
1268 2037
2037 819
1735 1087
1735 2815
63 1616
63 729
1542 2010
2010 2139
302 2457
302 2379
74 1559
74 836
2533 1896
1896 836
2400 107
2400 3132
602 1566
1566 63
2129 2672
2129 699
2986 2939
2986 3145
2620 1810
1810 1445
366 1716
1716 2129
2002 2532
2002 1542
2238 2231
2238 3132
589 2765
589 2356
874 2899
874 1699
1383 3179
1383 602
445 398
398 3315
2656 3427
3427 2002
2574 1534
2574 699
1523 741
741 3166
604 27
604 3128
2996 2999
2996 595
2879 2036
2036 902
2590 1337
1337 398
2105 1608
2105 445
2710 3047
2710 874
473 586
473 2334
2158 2043
2043 1595
2187 196
196 1268
2977 397
397 1383
2203 3311
2203 2620
2350 2813
2813 3487
925 1711
1711 2879
1098 2502
2502 3153
2003 355
355 1920
3188 1528
1528 902
1676 3118
3118 1523
824 2826
824 847
280 1479
280 1699
358 3165
3165 1481
347 909
347 2379
770 90
90 2003
2487 1434
2487 2605
3322 2906
3322 1608
1863 805
805 1092
3361 1208
3361 1479
861 2564
861 1716
1681 1449
1449 602
826 692
826 2986
2310 153
153 925
13 2800
2800 1716
121 1748
121 1676
1023 2812
2812 2350
1761 2821
2821 2036
329 2112
329 3262
1198 1741
1198 1445
648 1277
648 107
2315 33
33 2356
2941 892
2941 2672
1901 2604
1901 90
111 3351
3351 1741
2024 2838
2838 3487
3452 32
3452 2710
3446 436
3446 2998
1519 3113
3113 741
3443 3480
3443 2315
2516 3403
2516 1958
1446 1422
1422 3188
2561 1344
2561 2838
2215 2983
2983 2590
2062 2300
2300 111
1295 1873
1295 2999
2404 2992
2404 74
2944 1350
2944 1479
2676 820
820 280
2553 3093
3093 3403
968 3475
968 3354
536 2610
2610 630
1458 883
883 2035
1333 1847
1333 3118
1271 2611
2611 1896
2250 2637
2637 1766
21 725
725 2404
1140 2822
1140 13
113 1469
1469 2003
2870 1577
2870 1873
875 1409
875 3039
1032 3050
3050 604
1652 289
289 2986
2495 57
2495 1748
1589 2201
1589 473
685 3086
685 819
309 1346
1346 2516
3104 2333
2333 2992
1603 1338
1338 1523
3355 1260
3355 1446
1782 1339
1339 875
1756 2524
1756 2457
828 890
828 1337
1625 704
704 699
617 2563
2563 2471
3098 919
3098 3480
2053 2908
2053 2062
733 1506
733 824
144 738
738 2986
3430 1620
1620 1260
372 1301
1301 2998
2022 2947
2947 1681
557 491
491 1140
1664 1016
1664 21
678 1076
1076 2821
1153 1296
1296 2250
727 2655
727 3098
3020 376
376 2403
3175 1820
3175 3475
532 2774
532 32
2290 1786
1786 3047
46 208
208 1346
2464 564
564 1676
2320 910
2320 2931
1000 310
310 2320
734 1207
1207 1920
2016 1637
1637 2939
186 1008
186 196
618 588
618 2356
2262 2576
2576 2992
1732 478
478 63
891 3004
3004 153
1765 1532
1532 1792
1138 3007
3007 968
740 2985
740 3443
1547 1791
1791 1022
2263 1163
2263 3361
1234 2541
2541 199
2578 2915
2915 2037
2217 531
531 557
622 849
849 2931
1897 758
1897 1732
2124 2697
2124 1352
1230 2302
2302 2574
2194 3235
3235 2564
1939 822
1939 2605
546 130
546 1087
1618 2013
2013 442
2017 2015
2015 1534
2295 1635
1635 358
764 496
496 2217
2753 1903
2753 355
1466 2299
2299 3289
681 2888
681 1268
3120 1719
1719 2604
2853 1843
2853 1939
2108 238
238 231
284 783
783 875
2817 797
797 445
2050 2137
2137 588
3472 2498
2498 2139
2309 956
2309 921
1159 480
480 1791
1091 1194
1194 1271
150 1002
150 3443
200 1731
1731 921
911 1340
911 2320
1538 2107
2107 150
279 954
954 153
42 1181
1181 478
522 2186
2186 2035
3440 3138
3138 3427
1850 1593
1850 1022
2191 2624
2191 3430
992 3244
992 1409
381 288
381 1761
1061 2858
2858 828
1684 1389
1684 398
185 179
179 2939
801 1370
1370 27
2407 1442
1442 1344
45 2679
45 758
2901 2394
2394 3475
2080 19
19 1449
3073 918
918 2368
2101 516
2101 1782
1982 2768
1982 2194
3381 2121
3381 2998
3448 3498
3498 2478
3154 2069
3154 2124
635 1586
635 604
1821 44
44 1340
859 1204
859 111
2172 3198
2172 2101
1585 3386
3386 2532
58 1530
1530 2622
2142 2690
2690 3007
2995 1341
2995 3443
2034 2954
2954 1481
2109 126
2109 1810
2507 3466
2507 890
2955 3412
2955 2121
2666 634
2666 2624
3219 1605
1605 2620
999 3451
999 153
2164 1196
2164 13
1990 839
1990 956
3369 2081
2081 2899
3015 351
351 231
687 816
816 2203
2823 3370
3370 1652
3325 390
390 758
1988 2945
2945 2107
1814 2199
2199 801
2971 2751
2971 725
3211 2993
2993 107
1872 3123
1872 238
124 81
124 1593
3199 866
866 3480
3119 2556
3119 3235
518 1771
1771 2013
2179 1056
2179 1534
3252 2654
2654 3188
2907 128
2907 376
2436 450
450 1098
2358 2449
2449 1481
2103 823
2103 355
2500 1916
2500 2774
1073 476
1073 1479
89 2660
2660 740
140 1281
140 1761
3331 354
354 1620
1839 2682
1839 450
961 2116
961 2191
706 995
706 2108
1952 1880
1952 1153
3463 1219
1219 738
1947 799
1947 1301
2640 1848
2640 2105
2297 1158
1158 2983
2324 297
297 2604
696 2959
696 758
1981 3097
1981 2062
1059 3049
1059 2013
1034 2384
2384 1076
1329 385
1329 2231
2835 3112
2835 2116
322 477
322 2992
1394 533
533 866
380 1049
380 1234
2665 2119
2665 2553
3372 897
897 859
2557 2370
2557 2656
363 1726
363 2985
2866 359
359 111
2718 237
237 2524
3496 3019
3496 3014
1125 414
1125 685
2505 1045
2505 678
3348 2369
3348 3022
318 379
379 63
2873 982
2873 477
3346 3152
3152 1684
938 1854
938 836
1183 3163
1183 2590
2920 2615
2615 2334
2904 3479
3479 2718
1225 2460
1225 1087
1995 594
594 351
2233 23
2233 2959
2130 348
348 909
1365 2393
2393 1810
2657 2289
2657 46
2785 2965
2785 3110
2969 3329
2969 2945
2780 2538
2538 618
28 2213
2213 3479
599 2114
2114 3175
1190 1498
1498 3235
1264 787
1264 2137
2854 1974
2854 1196
1191 1172
1191 2478
1057 2588
2588 1449
1522 2155
1522 1873
370 2567
2567 3355
3423 3439
3439 2036
424 1494
1494 1872
882 1397
882 442
827 1246
827 2459
2759 2732
2759 13
2131 815
815 140
2742 3134
3134 621
2860 301
2860 3479
2600 1934
1934 2022
2863 3124
2863 3179
1255 795
795 173
915 3186
3186 2904
3246 1949
1949 2464
2078 1438
1438 359
2668 1703
1703 2697
2439 3388
3388 2309
980 2565
980 1547
2399 2648
2399 2155
1220 1139
1220 3145
256 17
17 1605
2711 1387
1387 2800
1323 781
1323 1585
2192 320
320 2131
1541 606
1541 1523
2703 1107
1107 2556
2540 3074
3074 2356
3395 2964
2964 3128
1646 639
1646 3019
2692 2089
2089 1172
2741 2483
2483 2563
2055 2205
2205 839
1250 1876
1250 3252
579 1983
1983 3446
1324 2162
1324 2656
154 2168
154 522
2735 1733
2735 3329
3218 807
3218 730
437 492
437 2186
34 1081
34 2835
1893 1377
1893 734
3493 1819
1819 3381
1448 24
24 681
2745 3126
3126 1125
2645 2443
2443 2565
3136 1955
3136 2870
645 2338
645 1538
548 3025
548 1208
1521 16
16 3252
3141 169
169 1445
619 3072
3072 1207
441 1055
441 2624
1970 782
1970 2574
3299 2810
2810 1448
205 862
205 3262
1696 845
845 621
327 3308
3308 855
3476 2098
2098 861
3146 1077
3146 3322
592 1417
1417 1792
3489 2307
2307 2299
2195 728
2195 2964
1728 893
893 111
341 1102
341 1271
2292 3391
3391 1756
3088 1376
3088 3020
2330 1235
1235 66
1670 2245
1670 891
1701 295
1701 437
467 1632
1632 816
1890 3494
1890 2142
2200 3417
3417 1616
1624 2441
1624 476
3280 3336
3336 2300
1496 565
565 2605
1074 483
483 1893
1853 2686
1853 437
812 1118
1118 3246
2504 743
743 635
1318 1999
1318 2656
503 1293
503 1748
994 1263
994 2137
3096 984
3096 2334
1969 2583
1969 3019
1010 143
143 1389
3284 2639
2639 2010
2354 3035
3035 16
585 955
585 2139
1335 1044
1335 2863
1497 2087
2087 1246
1576 1206
1576 992
1405 2286
2286 2459
1470 2175
2175 1731
2949 965
965 1049
1692 837
837 1442
1266 2174
1266 179
2253 1609
1609 2996
1033 1121
1121 1701
1672 2316
2316 522
2570 1214
2570 2915
2071 425
425 3132
2877 739
2877 1250
3286 939
3286 968
3334 1582
1582 3489
2542 2796
2542 124
1909 3274
3274 2502
2937 2209
2209 3179
2895 979
979 3168
1594 2685
2685 1681
767 559
767 2780
1894 1816
1894 3050
257 1567
1567 2407
558 148
148 366
2493 2626
2493 1890
1036 1899
1036 3104
64 2989
64 782
466 3320
3320 1576
1236 1241
1241 1163
1148 265
1148 3274
2792 378
2792 3496
388 1855
1855 782
810 79
79 1528
647 1050
647 2666
2559 581
581 2741
3016 1119
1119 359
1775 2973
1775 2201
710 886
886 810
1274 2398
2398 2142
338 3071
3071 1057
2689 794
794 738
3127 684
3127 2904
2445 2134
2445 19
160 1729
1729 2574
1688 2073
1688 1118
2763 2808
2763 27
2413 2946
2946 2783
2555 1111
1111 3132
2273 1790
2273 1442
2951 1718
1718 1711
3467 401
401 3346
3263 1211
3263 3475
756 286
756 2570
3310 2397
3310 965
2802 754
754 2954
2725 2856
2725 2877
26 259
259 2034
877 672
877 938
1600 3410
1600 1277
1168 1917
1917 837
120 3030
120 2969
60 3081
3081 1530
1097 3444
1097 866
3194 1037
1037 2989
977 900
977 1901
540 2274
2274 1855
400 575
400 2078
2546 1345
2546 909
3450 182
3450 2949
2924 1112
2924 820
2891 1133
1133 320
1199 2475
2475 938
1452 3377
1452 2604
3295 1316
1316 3444
1069 3318
3318 1981
1378 1803
1378 2413
1617 504
504 2574
1736 67
1736 1949
1533 53
53 2400
3497 3245
3497 592
904 3099
3099 992
2584 1841
2584 3262
1647 1875
1647 704
2923 2430
2923 2915
1415 2522
2522 3119
613 2726
613 2112
529 3268
3268 150
2248 3419
3419 1917
86 2642
2642 3448
2652 2612
2652 1605
1784 3054
3054 2334
1035 3436
3436 3463
3106 2972
2972 2457
2586 1083
2586 1105
55 1831
55 1434
371 384
384 1741
195 3255
3255 1676
2705 1746
1746 390
657 2551
657 839
54 15
54 1295
3309 985
3309 1277
2607 2635
2635 2802
3365 514
3365 602
3405 189
3405 724
1312 2739
1312 3497
1150 458
1150 1684
690 299
299 143
2568 2558
2568 734
2296 593
2296 1873
1115 3413
1115 3136
221 1454
1454 992
156 997
997 124
7 2836
7 756
2816 1040
1040 1083
2144 2597
2597 1225
851 1551
1551 956
3021 88
88 297
3265 92
3265 2546
553 1021
553 1532
2878 1320
1320 1978
1478 2150
2150 2370
1840 2332
1840 2036
2001 2857
2001 961
245 99
99 1148
2598 8
2598 1726
1628 3028
1628 2570
1738 2962
1738 984
2159 1757
1757 390
277 3411
277 2759
1796 2468
1796 7
755 1006
1006 1049
1180 1178
1178 1268
334 1813
334 2248
1122 454
1122 3054
1650 906
1650 3255
80 3277
80 401
3293 11
11 400
2914 661
661 1703
1721 1430
1721 1178
1558 1210
1210 1032
2428 2536
2536 2645
122 1543
1543 1528
2298 869
2298 1341
2463 82
2463 2134
1188 3321
3321 1534
3017 2880
3017 2998
1687 1549
1687 892
1173 43
43 380
713 2489
713 982
3248 498
3248 676
3111 560
3111 113
3300 1216
1216 385
343 1928
1928 1008
453 776
453 2533
580 3266
3266 2430
944 395
944 1876
2342 3149
3149 3088
671 1311
671 1538
1614 35
35 2124
2216 2149
2149 729
1989 554
554 606
2922 907
907 3030
3438 650
650 2931
1120 1085
1120 2078
1369 2736
1369 1791
276 2355
276 1234
2776 2415
2415 827
1484 161
161 2036
1805 762
762 2062
1215 1472
1472 1346
1878 2410
1878 1091
1041 2390
2390 706
3171 2494
3171 3054
1028 1602
1028 2036
596 2068
2068 1097
389 1781
1781 2802
3385 382
3385 585
798 1308
1308 980
3185 2058
2058 1140
1443 1525
1443 2262
3425 3393
3425 2286
1473 1908
1908 995
2140 1003
1003 3163
735 1882
1882 1438
959 2177
959 824
3279 2440
2440 144
1359 2051
1359 1035
550 673
550 1055
3454 3170
3170 1198
1257 958
1257 3467
584 2549
584 3136
2385 3317
2385 1311
1912 468
468 1605
2143 313
313 425
3330 91
3330 13
1421 2160
1421 1841
3177 2671
2671 144
1130 1946
1946 2710
2691 2344
2691 3104
2698 1881
2698 2607
215 974
215 2087
2616 1641
1641 3405
3384 2630
2630 647
1930 1080
1080 2838
37 1193
37 979
1507 1980
1980 1119
1895 2353
1895 79
1572 2173
2173 1614
2444 1282
2444 19
1347 463
463 1605
1457 362
362 1023
1075 1224
1075 602
1682 2833
2833 1296
983 1789
1789 557
3345 1773
1773 1939
3292 2491
2491 1293
1707 1203
1203 586
3001 1252
3001 2297
2111 1117
2111 2248
2715 311
2715 2013
2961 3002
3002 733
1730 1380
1730 3472
2417 1381
1381 2160
943 2282
2282 954
346 38
346 2168
2257 721
2257 1894
1817 1858
1817 2977
3115 1545
1545 1567
1750 3420
1750 3466
3414 481
481 1387
2223 1869
1869 862
2028 2846
2028 890
2416 2047
2047 3361
2141 3184
3184 1507
626 1460
1460 1681
2021 2323
2323 3393
2529 1596
2529 347
137 184
184 2478
141 448
448 579
167 1314
1314 1766
609 818
609 836
3297 3250
3297 2735
2511 1285
1285 372
3327 903
903 532
2625 2942
2625 2174
1998 3445
1998 877
367 785
367 1208
3459 3116
3116 906
170 3005
170 893
2482 281
2482 3071
1488 323
1488 2768
1992 1799
1799 676
2896 3204
3204 1219
1356 535
535 33
2884 2514
2514 302
2023 1440
2023 1530
737 1399
1399 3081
1406 1636
1636 2640
2184 2420
2184 15
1019 2790
2790 343
3291 1294
1294 3450
680 1698
1698 3331
871 2678
2678 3410
640 2628
640 1397
2448 3249
2448 182
2760 1921
2760 2309
2170 2244
2244 2965
1597 110
110 3074
1570 2171
1570 2296
2897 469
469 2199
832 1278
1278 586
2146 1189
1189 2858
201 1104
201 1117
1720 132
1720 3480
1270 85
85 2297
2412 2820
2412 2024
1463 102
102 3284
688 2782
688 1882
1054 1889
1054 483
1508 867
1508 2394
2534 14
14 302
223 3340
3340 3119
3121 2596
3121 2780
3396 1100
3396 89
1200 1319
1319 965
3344 833
3344 2914
2766 1500
1500 983
2118 1351
1351 1409
3065 1007
1007 1172
471 636
471 1452
887 1710
887 2645
190 2581
2581 1194
3207 651
3207 81
722 413
722 1494
2519 972
2519 2567
2467 1042
2467 609
2621 2351
2351 1200
544 2991
544 481
2328 551
551 2858
2352 1800
2352 3463
970 790
790 2368
572 2806
2806 1236
1518 2367
1518 3016
146 796
146 1840
528 3281
3281 2780
3350 524
524 2615
305 620
620 585
1691 2984
2984 1549
387 1996
1996 2186
3162 1987
1987 2765
2980 1152
1152 3279
386 2241
2241 2648
1910 1660
1910 2753
778 1548
1548 1460
3389 2178
2178 2111
2750 2306
2750 3334
2527 923
923 859
1025 1060
1060 186
1825 3236
1825 1525
2363 1275
1275 1074
3394 3392
3392 2298
1382 1334
1334 2984
2490 1675
1675 2370
106 813
106 3286
2429 1127
2429 1235
853 3205
853 3394
1713 1143
1143 3396
600 1704
600 1858
328 614
614 2995
1830 212
212 1224
410 2850
410 3252
1892 1490
1490 2586
2056 1900
1900 310
842 2809
2809 1952
70 1303
1303 2635
1145 2183
2183 43
3131 260
260 1397
392 3216
3216 2563
1495 2046
1495 1676
3324 850
850 2753
1131 2900
1131 2655
2018 1229
1229 323
1384 1177
1384 2888
1769 1088
1088 141
3404 1267
3404 2711
757 876
876 2802
1090 3492
3492 3001
649 2975
649 504
2976 2636
2976 3293
3092 3378
3092 925
625 1835
1835 82
1706 3271
3271 3266
1742 1505
1742 551
3193 3307
3307 867
523 292
292 1382
1332 829
829 1813
1156 216
1156 839
269 3125
3125 2915
3157 2593
2593 2273
1749 1280
1749 471
2419 3442
3442 918
2746 2960
2960 3157
2326 2049
2049 1049
2798 211
2798 1469
2709 193
2709 2541
2433 2699
2699 2062
2887 1923
1923 2648
507 1886
507 2134
77 1680
77 2174
2859 2943
2859 2924
1492 1279
1279 86
340 391
391 3097
1126 1009
1126 424
698 3418
3418 2017
1911 3160
1911 2068
1065 601
1065 398
2627 934
2627 1869
191 2684
191 154
1101 2312
1101 3377
3158 852
852 2858
658 1552
1552 1365
271 748
271 2173
666 2966
2966 2073
3316 1012
1012 363
2008 3042
3042 1869
834 2470
2470 2195
3341 865
3341 1614
1592 2674
2674 2584
771 1047
771 332
2110 500
2110 1073
1922 2458
2458 1609
1823 3174
3174 2303
1386 452
452 1742
3012 843
3012 2356
2427 1491
2427 1314
29 2261
29 1782
3079 2454
2454 1775
2284 2773
2284 2888
2190 1289
1289 2559
2477 2424
2424 2298
3095 608
3095 38
290 574
574 205
1870 2198
1870 1970
1956 1511
1511 121
3208 689
689 3193
251 1539
1539 2350
1604 2182
2182 3452
3343 2425
3343 1507
1239 2476
2476 3179
971 1509
971 906
1959 857
857 724
3398 3447
3447 1000
1555 1569
1569 1506
3313 1671
3313 609
1038 3432
1038 2907
2243 241
241 1235
409 3189
3189 2292
1167 1964
1964 2800
763 482
763 1344
2031 2537
2537 837
225 987
225 384
2953 3024
2953 1344
2272 2285
2272 902
1929 2453
1929 1049
3342 1700
1700 2449
3178 2589
3178 2635
345 3301
3301 1670
1 1064
1064 54
1815 1284
1284 2150
3197 2862
2862 2964
1764 1051
1764 892
331 2365
331 3236
1419 2595
2595 1766
951 2641
951 2231
1052 2793
2793 260
2696 421
421 1100
56 2717
2717 2637
3200 2473
3200 2355
1580 3147
1580 1547
324 30
324 867
1531 1046
1046 54
2957 1480
1480 3454
1360 1132
1132 2862
2228 1678
2228 557
168 1155
168 2324
430 1108
430 2365
1944 490
490 3472
1390 2830
1390 57
1643 1976
1643 1125
2052 1962
1962 522
1435 1292
1292 503
3045 1884
3045 167
1453 1327
1327 3246
2092 1673
2092 382
1809 3373
3373 2022
2876 1702
1702 2478
2869 1951
2869 3496
2819 1833
2819 3168
1147 3195
3195 185
3187 3018
3018 3317
1663 157
157 3410
1467 2280
1467 3017
1972 3190
3190 2439
3223 219
3223 3163
1325 1396
1396 3311
1862 752
1862 2205
3474 1683
1683 1586
255 2936
255 602
493 1233
493 3448
1915 1926
1926 523
2573 917
917 2273
2 633
2 1194
784 3040
784 2473
6 2706
6 1076
2239 3352
3352 2660
3241 2963
2963 1531
3164 1795
3164 1044
1078 953
1078 2300
171 933
171 2654
521 901
901 1469
637 3282
637 2476
791 2431
791 1178
3399 731
731 3030
2814 1222
2814 874
2667 3364
2667 1194
1824 2824
2824 3348
1867 2088
1867 1469
1114 176
1114 3398
1487 573
573 752
2340 3155
2340 1347
1476 2362
1476 1821
3070 3076
3070 3282
3044 364
364 3345
2764 2308
2764 3047
2994 3135
3135 3315
3067 1367
3067 2666
716 786
786 853
732 1192
1192 2137
2865 250
250 140
2212 2151
2212 867
1772 3283
3283 2284
1967 1564
1967 3187
2479 489
2479 588
2572 2886
2886 322
218 2934
2934 3030
1313 3383
3383 3219
36 460
36 832
3367 941
941 1445
2188 844
2188 2996
624 83
83 37
912 2343
2343 1191
831 1379
831 311
945 3034
945 2817
1665 1860
1860 3015
677 898
898 299
1933 2275
1933 2858
3237 40
40 2272
1868 846
1868 687
3077 1309
3077 1555
662 2054
662 90
2562 2301
2562 1406
3215 365
3215 2187
228 2680
2680 1956
1554 914
1554 3179
966 2165
2165 161
1123 293
293 1225
736 296
736 3361
3490 396
3490 2238
2988 2771
2771 954
142 2982
2982 1933
1798 3055
3055 2583
3276 679
679 2343
3379 2373
3379 3004
701 12
12 1976
2492 1299
2492 2880
1587 105
1587 2964
747 2437
747 1126
2917 2336
2336 351
3437 1845
1845 954
3257 1026
3257 588
2910 2722
2910 658
1515 1371
1515 122
1322 3122
3122 1415
1305 2252
2252 2886
1583 1588
1588 3381
4 2788
4 3126
2510 694
694 40
443 1336
443 727
615 2474
615 1741
2007 520
2007 21
2791 2153
2791 2285
931 3156
931 1545
670 932
932 67
2898 2734
2734 1917
1213 1846
1846 805
2569 3431
3431 624
1014 789
789 442
2733 3041
3041 2934
394 263
394 1588
479 1141
1141 3413
461 3139
3139 2445
317 937
317 58
1826 814
814 1454
1179 2227
2227 2022
1811 1058
1811 215
1372 209
209 2810
3000 3232
3000 410
761 2202
2202 476
957 552
957 320
2452 1677
1677 3396
753 1226
1226 507
578 2357
578 741
2918 3456
3456 2773
2074 20
20 173
1774 465
465 3055
2981 3486
3486 1215
775 1571
1571 900
2042 312
312 851
2974 2767
2767 3246
3374 349
3374 1929
1186 2360
1186 2241
1501 2885
2885 3099
643 2030
643 1515
2372 656
2372 288
3234 947
947 1350
3009 1739
3009 2107
3362 2729
2729 1153
879 339
879 2448
1144 1573
1144 1813
1685 2204
1685 3065
2544 1864
2544 1892
695 1527
695 2433
3401 1223
3401 581
2096 989
2096 346
254 1043
254 89
935 2329
935 3467
1482 1237
1237 658
2270 2236
2270 1641
691 1977
691 2820
3397 998
3397 2130
3243 502
3243 2404
1398 2659
2659 3351
793 744
793 865
1779 2154
1779 958
1510 2548
1510 1850
3264 2083
3264 2282
3192 446
446 2370
638 135
135 2155
3319 3359
3319 2735
854 2157
2157 1198
803 3058
803 1976
3272 555
555 2329
889 3302
889 2289
2481 300
2481 2068
800 2211
800 482
1368 100
100 1381
895 3338
3338 2914
242 2446
2446 1463
1760 71
1760 1909
2889 3183
3183 692
462 3075
3075 289
2843 2958
2843 1926
780 1149
1149 1774
1708 2831
2831 6
3406 3010
3010 2548
1431 2844
2844 2703
2840 2249
2249 877
2560 2585
2560 1597
1851 3261
3261 498
587 2905
587 2007
197 2374
197 2923
760 508
760 1988
2271 3335
2271 2420
2247 1465
1465 3047
3133 3433
3433 2449
1011 117
1011 3125
405 1475
1475 604
2411 178
2411 2199
222 93
222 1055
1013 3085
3085 1036
1401 1182
1182 3418
2138 2643
2643 70
2061 204
204 1284
1734 2348
1734 40
72 2938
72 2107
3087 888
888 796
361 2631
361 3406
1244 629
629 156
1489 1979
1979 862
2466 69
69 1680
1953 3260
3260 1625
1666 1690
1666 2656
1113 1639
1113 2793
665 2784
2784 1022
1157 2091
2091 1377
227 2465
227 820
308 880
308 113
1240 3314
1240 2399
3428 1471
3428 1202
3349 1802
3349 1792
1242 811
1242 463
47 1804
1804 3264
1366 1834
1834 2491
488 566
566 305
440 3441
440 3266
1866 610
1866 3143
2346 1621
2346 2475
1715 3464
3464 2374
1300 1512
1300 3302
3222 1221
3222 3058
697 1945
1945 2358
336 2801
2801 2703
840 133
133 471
1914 2128
2128 2379
1705 138
1705 801
2220 198
198 1605
2781 2713
2781 2285
1633 1755
1633 2130
1310 1965
1965 348
234 2868
234 3218
1613 278
1613 1895
2795 2523
2795 1833
2935 2318
2318 811
1568 3328
1568 2092
1887 2805
2805 2116
151 3460
151 1930
1966 2828
1966 1359
530 2339
2339 518
2126 5
2126 179
486 2646
2646 2108
411 1166
1166 3466
830 952
830 3025
2044 3214
2044 2710
2775 459
459 295
2176 3231
2176 1508
1030 505
1030 3112
2752 1261
2752 1858
3167 527
527 38
1001 1598
1598 1305
1591 1649
1591 2790
1116 525
1116 3116
248 2587
248 263
2104 1985
1985 983
2902 2305
2902 1119
1441 1385
1441 2292
1388 3011
3011 2253
3003 2673
3003 3317
768 1712
768 182
899 1727
1727 70
3191 2794
3191 1148
2484 825
2484 656
858 233
233 92
3449 306
3449 3383
2695 206
2695 911
2617 1645
2617 2753
350 1697
350 3266
742 1669
1669 3195
2075 1373
1373 1554
996 1584
1584 1748
806 3173
3173 819
3031 1408
3031 1498
870 61
61 521
1581 864
864 588
804 1326
1326 1685
1128 3347
3347 1873
3457 821
3457 842
2147 1943
1943 1886
1400 838
1400 1221
335 2341
2341 1741
1095 1217
1095 2808
2893 2012
2012 1749
2770 3100
3100 2985
1657 570
1657 150
76 1315
76 1440
202 2506
2506 2261
2304 2378
2378 2299
751 631
751 381
2242 571
2242 85
2218 174
2218 1479
404 990
404 3118
2456 1615
2456 1791
2638 835
2638 1445
3465 422
3465 1685
485 2100
2100 467
494 3461
3461 1769
226 2065
226 67
1142 1429
1142 1226
2009 1957
2009 1983
2748 2847
2847 3379
3196 2539
2539 122
3169 283
3169 1123
3101 1656
1656 1216
3089 543
3089 1264
262 2749
2749 1581
1954 616
616 3246
3210 2480
3210 2595
3471 2925
3471 3307
1424 659
659 1603
860 1513
860 1487
668 2978
668 1274
2851 444
2851 1882
1879 224
224 1388
294 2721
2721 490
3159 1686
3159 2172
2913 922
2913 1003
2381 2097
2097 2242
2451 2614
2451 3496
1524 1724
1524 982
1695 2754
1695 1132
1297 1861
1861 3489
2375 3304
2375 812
2903 319
2903 2227
1883 497
497 441
3108 3254
3108 1166
1342 2848
2848 771
1578 1653
1653 1579
3339 2345
3339 1326
3306 808
808 1805
978 451
978 3167
3251 547
547 2390
115 2755
2755 1279
1638 930
1638 1798
2414 1231
2414 396
449 2658
2658 2583
3326 1093
3326 1728
1103 2769
2769 3431
1662 1416
1416 1908
2740 2435
2435 3170
3363 152
152 1647
2530 1865
2530 1280
3013 2892
3013 3497
2520 213
213 1715
3161 1751
1751 3191
342 287
342 392
3477 455
455 731
960 2432
960 28
2757 1146
2757 1093
229 1459
1459 213
3429 2040
3429 2920
3390 916
916 1826
249 1838
249 2690
2232 116
2232 1320
963 2196
963 3361
2120 1557
2120 849
2099 873
2099 1649
881 97
881 3049
408 750
750 1519
1079 567
1079 1296
1265 127
1265 309
2566 3453
2566 3076
715 1249
715 2143
2919 2086
2919 1568
946 1039
946 1958
3247 2921
3247 3494
1288 1537
1288 3016
2347 841
2347 657
3491 3358
3491 1398
2293 429
429 1881
1787 438
438 3122
1317 1693
1317 2124
2890 2849
2849 3314
3181 2940
3181 1226
981 1503
981 3461
1918 3269
1918 2823
1437 868
868 1602
2093 1253
2093 1697
3273 788
788 3184
2606 2761
2606 199
2156 2508
2508 728
1709 512
512 1091
1361 1544
1361 1006
1174 2026
2026 2164
2255 3176
3176 983
3368 2269
2269 2863
419 119
419 2823
210 1462
210 193
165 2408
165 3007
3182 3239
3239 3457
2406 118
118 1253
2327 802
802 960
1924 1565
1565 1487
1298 1256
1256 2128
561 2032
2032 3272
2135 3103
3103 668
765 2208
765 3460
2861 101
2861 1351
2230 2462
2230 1341
2122 261
261 1916
427 686
686 2150
2845 1474
1474 1600
1137 1888
1137 408
1306 1349
1349 1901
769 2072
2072 1265
464 3226
464 2983
569 1806
569 784
707 1644
707 914
2577 986
986 637
3082 2472
3082 951
1759 641
1759 2034
1752 3360
1752 530
2661 2987
2987 679
948 2839
948 1316
705 3063
705 3116
2497 848
848 1055
2758 936
2758 1597
3046 1517
1517 2130
3468 1546
1546 2406
1251 1468
1468 1059
314 457
314 1253
2512 1432
2512 2250
1362 1348
1348 3304
432 1499
1499 2160
65 434
434 2030
1606 1913
1606 1021
2737 774
2737 1268
2872 2311
2872 3118
3068 1808
1808 2725
549 2221
2221 2541
1562 326
1562 1977
2041 3259
2041 2886
134 1004
134 2596
3 1321
3 3307
1134 1832
1832 1484
1714 246
246 889
1015 817
817 182
2864 719
2864 1181
703 149
703 1782
163 2283
2283 1995
2070 2950
2950 570
975 1029
1029 2746
2789 275
275 1306
2543 3481
2543 3141
3026 1984
3026 1408
1852 2738
1852 703
3094 2777
3094 1528
2079 3064
3064 882
1822 792
792 3162
2019 3029
3029 1029
406 2818
406 2459
2388 3144
2388 86
2499 495
2499 1166
2136 1902
1902 561
2804 2744
2804 668
660 878
660 3279
2712 1393
1393 2138
207 3275
3275 939
2894 1634
1634 763
3488 2014
2014 3127
2779 1961
1961 1675
511 1070
511 599
1428 1626
1626 2763
164 50
50 624
920 2266
2266 70
3478 41
41 310
94 1783
94 2471
1754 2609
2609 1102
3078 1793
1793 3161
3380 1827
3380 2492
2392 1109
1109 1055
2702 2442
2442 320
2694 1561
1561 492
1027 2662
2662 2519
568 3206
568 173
1162 353
353 837
1066 2438
1066 1140
3107 2125
2125 1976
2319 1679
1679 1670
1287 2933
2933 1809
1927 1412
1927 686
627 3407
3407 2330
187 2952
2952 2546
2837 2932
2932 227
1661 356
356 35
2688 2349
2349 3433
2278 325
2278 1253
3409 2246
2246 143
884 1610
884 54
1201 2594
2594 1108
431 3230
431 786
2515 2720
2720 1766
2076 2418
2076 6
266 2882
2882 1772
136 2871
136 2502
1427 534
1427 1320
1925 3225
3225 1806
1837 510
1837 1090
1849 282
282 2537
1975 1936
1936 953
1404 3105
3105 2300
2700 2401
2401 815
2651 315
2651 2790
2663 2834
2834 2696
3290 1048
3290 3183
2786 556
2786 2388
2161 545
2161 2804
1262 623
1262 713
2881 2405
2405 715
1164 2057
2057 3404
1067 158
1067 2511
2928 3424
2928 1102
3233 872
3233 1582
1906 1248
1248 2138
2623 1642
1642 1850
1259 3212
1259 2211
967 1993
1993 536
1745 487
1745 888
3221 159
159 97
1110 1740
1110 685
3137 969
969 1548
272 2063
2063 1156
1780 417
417 1649
3366 428
428 725
2335 2033
2335 64
96 3296
96 3005
2214 1414
1414 1701
330 2592
330 1835
472 2193
472 136
1053 1658
1053 2397
655 3027
3027 2462
3287 1747
3287 1472
1375 2797
1375 3182
1357 1818
1818 58
2000 1514
1514 1480
2145 3130
3130 1453
1991 2730
1991 468
303 399
399 1728
10 2117
2117 1760
1018 3091
3091 1666
2067 426
426 1162
2389 924
2389 328
475 709
709 1281
1392 1423
1423 3481
1607 3484
1607 1051
1160 2772
1160 743
2874 3458
3458 3346
1439 519
1439 1285
1627 373
1627 1641
2264 779
2264 760
3240 1986
1986 544
2829 3256
3256 866
1456 2115
2115 2069
3288 2094
2094 547
1504 474
474 478
885 2048
2048 1046
2225 125
2225 936
423 1420
1420 1809
59 1232
59 425
2707 2930
2707 568
1801 1960
1801 2202
2670 2447
2670 3414
2842 2254
2254 3055
1212 2675
2675 1235
3402 766
766 740
1905 1898
1905 1109
2743 3069
2743 881
2509 2647
2509 2646
3462 368
368 2150
2317 976
976 2014
2461 1812
1812 2403
1205 576
1205 1869
2599 2970
2970 2975
2106 2059
2106 2301
2181 2045
2045 2870
2664 1651
2664 1698
22 1425
22 2824
1276 2434
2434 2506
683 3220
3220 3034
2409 1807
2409 330
203 1629
1629 3207
3229 3242
3229 2864
2719 2185
2719 2384
2395 1550
1550 2773
1413 509
509 2481
2756 1950
2756 1749
1994 3421
3421 2625
2649 708
2649 2959
2723 2291
2723 3028
240 172
172 2094
3066 1785
3066 2354
2258 2277
2258 1101
905 1099
1099 2031
1743 402
1743 1044
217 333
333 2595
1374 2256
1374 1143
1667 194
1667 3411
598 1106
598 2301
3253 3224
3253 2103
307 2990
2990 462
1304 1630
1630 2419
2911 1124
2911 2673
1829 2496
2496 751
517 51
517 1292
654 2550
654 293
360 2579
2579 238
664 2927
2927 46
973 1753
1753 2920
393 3059
393 1107
1477 1272
1477 1007
2997 1031
1031 2425
3483 1601
3483 868
1529 2095
2095 1783
1758 2281
2281 2076
1135 723
1135 2780
2634 772
772 1435
98 1612
98 1693
542 2259
542 574
3084 1560
3084 1090
3323 1426
3323 3042
145 337
145 939
3353 1410
1410 3474
433 2807
2807 2936
3056 1353
1353 1624
3470 1170
1170 2985
773 3238
773 4
3278 929
929 148
1493 1763
1763 670
2237 2875
2237 1424
1238 123
123 2303
3083 2677
3083 1076
1520 2276
1520 1332
1842 3109
1842 1352
2608 1788
2608 3236
1068 949
1068 3345
2787 499
499 2649
1904 439
1904 34
2132 2618
2132 797
2090 644
2090 2899
1874 1084
1084 2023
1447 1619
1619 895
1963 264
264 2284
669 420
420 333
252 2229
2229 2617
2582 1328
2582 2365
2060 3043
3043 69
2603 235
2603 337
1451 3337
3337 2837
3038 2064
3038 704
607 1535
1535 3047
2260 1195
2260 2434
2197 1283
1283 715
1674 674
674 2645
1247 1556
1556 1141
1836 1844
1836 1652
418 2235
418 2627
114 3037
114 3297
590 62
590 650
1971 1907
1971 2110
2455 1461
1461 972
2102 541
2102 468
3495 1871
1871 3351
2716 3051
2716 2896
1455 1096
1096 531
2234 2251
2234 2546
2287 3332
2287 133
913 3482
3482 382
1151 2575
1151 1984
1005 1717
1717 3308
1154 2591
1154 1735
188 1258
1258 3352
3376 3060
3060 2506
403 2123
403 1873
3061 1611
1611 2620
2167 3469
2167 290
603 87
87 1261
2571 1209
2571 1904
2366 273
2366 3212
2909 863
2909 1836
1171 180
1171 1862
2526 3102
2526 242
562 247
562 897
1343 3148
3148 2239
1082 1599
1082 1277
1330 3267
1330 2851
1648 2513
1648 63
2683 52
2683 2763
1086 1403
1403 358
1654 230
230 341
2029 1354
1354 2481
700 2163
700 3123
3485 2039
3485 486
2402 894
2402 3095
352 3270
3270 1965
1931 3213
1931 1957
447 177
177 1977
1797 1243
1797 246
344 1020
344 2336
667 1877
667 1376
2469 3371
2469 2178
2322 506
2322 2748
682 2422
2422 1027
2912 927
927 656
3434 2968
2968 885
3142 3172
3172 825
274 1948
1948 1111
1063 435
435 827
1433 1364
1433 2101
2294 3006
2294 785
415 605
605 3105
1254 1973
1973 3028
1302 75
1302 339
1553 49
1553 2032
108 1891
108 1838
675 3036
675 3288
1689 2020
1689 1719
2601 3400
3400 198
2169 1094
1094 332
375 470
375 816
1436 1574
1436 3012
2377 1937
2377 218
1502 2210
1502 657
1197 1767
1197 2657
720 1622
720 1387
192 1129
192 3212
2916 2376
2376 3496
2547 1940
1940 1495
2226 2486
2226 2275
2383 377
2383 2966
2883 1857
1857 3076
2602 3258
3258 2795
896 2386
2386 1603
2189 2841
2841 837
129 1485
1485 504
539 856
539 1126
3057 2704
2704 2067
407 3151
407 1197
369 2518
2518 2742
3048 2855
3048 2345
2747 1885
1885 1608
31 612
612 313
2669 2528
2528 3379
2979 501
2979 2918
646 2517
2517 3027
2325 1997
2325 2975
1694 2629
1694 2908
1938 2082
2082 2051
3062 928
3062 816
1668 2113
2113 1742
383 2396
2396 2345
2701 1723
1723 827
1942 759
759 3154
2387 2867
2867 3153
1355 2956
2956 1346
1483 749
749 1812
1273 2681
2681 2115
2313 1307
2313 3355
2613 2423
2613 1820
1828 2391
1828 2618
2371 484
2371 2897
632 2359
2359 2107
3408 304
3408 2588
3008 597
3008 1876
2361 2222
2222 377
2006 3090
3090 3137
993 3382
3382 1915
2421 3294
3294 1829
3305 1659
3305 247
162 2633
162 548
3080 2331
2331 2671
2364 1526
2364 3220
2693 18
18 2102
1919 717
717 622
2653 1640
1640 2414
2066 73
73 1250
239 3356
239 723
563 3209
3209 1198
2148 1575
1575 3418
1776 1136
1136 2677
693 3455
693 2877
3357 1395
3357 2126
2727 1187
1187 705
3416 726
3416 2993
2166 908
908 3284
3129 513
513 2050
1227 663
663 1485
3435 2503
2503 2162
1777 1418
1418 2726
3117 2268
2268 1726
1411 183
183 1302
3387 1169
1169 3474
416 1017
1017 851
2501 2004
2501 900
1631 131
131 1512
653 1290
653 2932
964 583
964 1191
1218 316
316 2610
291 253
291 1966
2687 3312
2687 2592
582 1856
1856 1283
1968 2005
1968 2998
236 1269
236 414
2650 2152
2152 2077
1024 2825
1024 2078
3473 1286
3473 3262
2025 1331
1331 1166
112 652
112 3338
181 3422
181 2458
577 2380
577 466
2180 777
2180 2960
3415 2827
2827 247
2967 357
2967 1207
68 537
68 2800
2219 39
2219 2058
1737 1402
1737 2247
3333 374
374 674
155 2027
2027 1379
2708 1165
1165 794
591 2265
591 1534
2545 1444
2545 646
244 2728
244 2423
1516 268
1516 2793
1563 1536
1536 2115
1391 2485
2485 520
2724 3426
3426 3274
258 3202
258 2893
1486 48
1486 528
2314 3228
2314 3426
745 962
962 2354
456 3285
456 633
1623 321
321 2138
2926 942
2926 795
1778 139
1778 1570
3114 628
628 1907
1407 2580
2580 2028
298 2832
298 2631
2948 1859
1859 29
1291 2731
2731 312
2521 1072
1072 559
175 1770
1770 952
2811 267
267 771
3201 95
3201 1381
1161 1540
1540 3161
1768 2535
1768 1123
25 1744
25 2586
2619 3150
2619 130
1175 9
9 3126
611 3023
3023 892
2762 2224
2224 1574
2799 1935
1935 98
109 2778
2778 977
2267 104
104 2113
1794 2288
2288 3001
2525 1762
1762 1085
1722 809
1722 310
642 711
642 688
3140 412
3140 2123
991 1450
991 1234
3227 2714
3227 934
1358 3375
3375 2364
2426 3298
3298 595
3303 1245
1245 3476
232 718
718 2979
3217 515
515 3345
1228 538
1228 580
988 214
988 1448
3052 526
3052 216
2133 2011
2133 991
2084 2531
2531 2094
2488 1464
1464 265
714 2554
2554 2726
2207 3032
3032 2203
2337 1176
2337 2667
1725 950
950 1865
2279 1590
1590 1893
2206 103
103 2085
746 2321
2321 2849
2450 1363
2450 2096
1071 1184
1184 1953
1941 3033
1941 1326
2632 166
2632 952
285 2038
2038 1113
220 1089
1089 450
940 3203
940 3018
270 3053
3053 3332
1932 2852
2852 1243
1062 712
1062 1994
78 84
84 1680
2803 147
2803 379
243 2552
243 1115
1655 2644
1655 776
2382 1185
1185 2790
