2543 0
2 1
3 1
4 1
5 3
6 1
7 2
8 2
9 3
10 2
11 4
12 6
13 8
14 12
15 3
16 5
17 13
18 7
19 16
20 10
21 9
22 9
23 16
24 9
25 15
26 20
27 23
28 26
29 25
30 8
31 6
32 25
33 11
34 18
35 8
36 11
37 8
38 19
39 13
40 12
41 17
42 36
43 24
44 10
45 28
46 29
47 19
48 23
49 10
50 31
51 36
52 5
53 5
54 28
55 38
56 24
57 41
58 15
59 16
60 19
61 37
62 19
63 18
64 47
65 52
66 32
67 63
68 62
69 33
70 50
71 16
72 35
73 15
74 28
75 61
76 71
77 37
78 61
79 32
80 71
81 33
82 38
83 58
84 67
85 84
86 66
87 58
88 46
89 30
90 55
91 20
92 18
93 69
94 7
95 67
96 85
97 75
98 87
99 73
100 48
101 4
102 95
103 89
104 23
105 5
106 77
107 103
108 70
109 47
110 78
111 58
112 66
113 26
114 96
115 5
116 17
117 1
118 38
119 72
120 73
121 6
122 40
123 30
124 121
125 15
126 40
127 50
128 11
129 56
130 102
131 49
132 50
133 117
134 47
135 54
136 26
137 35
138 41
139 19
140 67
141 118
142 83
143 74
144 94
145 13
146 28
147 130
148 66
149 41
150 10
151 82
152 139
153 123
154 54
155 28
156 32
157 17
158 66
159 95
160 34
161 3
162 104
163 63
164 5
165 150
166 33
167 67
168 27
169 72
170 87
171 32
172 22
173 93
174 41
175 126
176 88
177 34
178 29
179 95
180 100
181 16
182 30
183 70
184 110
185 147
186 150
187 181
188 138
189 184
190 107
191 102
192 44
193 116
194 169
195 145
196 183
197 21
198 150
199 142
200 177
201 190
202 152
203 141
204 69
205 78
206 129
207 115
208 196
209 177
210 58
211 207
212 196
213 202
214 22
215 95
216 103
217 112
218 67
219 92
220 111
221 96
222 211
223 127
224 134
225 82
226 114
227 62
228 215
229 184
230 72
231 157
232 62
233 59
234 90
235 206
236 157
237 127
238 113
239 68
240 219
241 17
242 241
243 201
244 229
245 171
246 188
247 236
248 218
249 56
250 63
251 161
252 124
253 236
254 177
255 39
256 88
257 102
258 157
259 63
260 193
261 81
262 179
263 139
264 66
265 96
266 65
267 47
268 169
269 213
270 89
271 57
272 244
273 235
274 189
275 101
276 243
277 86
278 244
279 222
280 35
281 99
282 11
283 213
284 132
285 54
286 73
287 8
288 246
289 56
290 241
291 177
292 242
293 112
294 168
295 177
296 165
297 196
298 194
299 123
300 255
301 28
302 229
303 51
304 196
305 71
306 262
307 170
308 192
309 116
310 93
311 147
312 233
313 275
314 141
315 137
316 56
317 108
318 156
319 233
320 92
321 272
322 51
323 26
324 169
325 219
326 119
327 172
328 257
329 81
330 130
331 221
332 287
333 303
334 33
335 158
336 237
337 285
338 30
339 96
340 14
341 153
342 332
343 156
344 318
345 343
346 168
347 65
348 274
349 67
350 300
351 281
352 31
353 310
354 245
355 315
356 181
357 316
358 207
359 192
360 211
361 69
362 216
363 13
364 62
365 40
366 75
367 31
368 216
369 148
370 39
371 56
372 243
373 93
374 355
375 335
376 193
377 262
378 287
379 285
380 339
381 187
382 231
383 169
384 339
385 369
386 275
387 147
388 350
389 125
390 104
391 257
392 6
393 377
394 369
395 312
396 372
397 365
398 379
399 97
400 315
401 390
402 231
403 181
404 150
405 288
406 230
407 186
408 20
409 145
410 88
411 394
412 29
413 295
414 91
415 97
416 7
417 203
418 198
419 242
420 128
421 324
422 141
423 128
424 389
425 13
426 163
427 297
428 171
429 71
430 251
431 386
432 171
433 297
434 54
435 275
436 176
437 229
438 132
439 253
440 246
441 48
442 291
443 435
444 106
445 241
446 202
447 163
448 164
449 202
450 10
451 53
452 15
453 86
454 440
455 194
456 117
457 353
458 275
459 44
460 172
461 174
462 459
463 53
464 259
465 390
466 155
467 299
468 123
469 278
470 379
471 167
472 141
473 403
474 286
475 397
476 36
477 3
478 23
479 409
480 47
481 55
482 91
483 370
484 41
485 482
486 41
487 125
488 410
489 165
490 278
491 352
492 82
493 325
494 477
495 237
496 265
497 229
498 375
499 86
500 377
501 417
502 176
503 494
504 153
505 369
506 52
507 67
508 24
509 90
510 377
511 439
512 1
513 345
514 162
515 39
516 218
517 306
518 207
519 222
520 513
521 128
522 41
523 254
524 43
525 486
526 298
527 374
528 517
529 269
530 447
531 278
532 282
533 127
534 476
535 96
536 206
537 387
538 314
539 73
540 508
541 450
542 219
543 419
544 484
545 250
546 43
547 351
548 149
549 448
550 371
551 230
552 482
553 212
554 459
555 308
556 332
557 471
558 233
559 407
560 7
561 472
562 311
563 405
564 482
565 32
566 119
567 296
568 328
569 314
570 476
571 431
572 218
573 431
574 211
575 43
576 127
577 480
578 23
579 22
580 286
581 49
582 68
583 258
584 513
585 415
586 368
587 51
588 21
589 45
590 541
591 105
592 454
593 476
594 402
595 95
596 14
597 199
598 105
599 33
600 191
601 388
602 487
603 568
604 131
605 108
606 166
607 267
608 436
609 244
610 500
611 168
612 121
613 317
614 74
615 2
616 271
617 202
618 514
619 518
620 157
621 572
622 452
623 468
624 184
625 226
626 455
627 223
628 624
629 617
630 460
631 255
632 411
633 129
634 529
635 311
636 17
637 382
638 318
639 391
640 147
641 30
642 425
643 513
644 509
645 216
646 228
647 574
648 161
649 276
650 35
651 273
652 122
653 380
654 199
655 425
656 538
657 178
658 384
659 141
660 535
661 291
662 229
663 543
664 300
665 291
666 168
667 386
668 281
669 174
670 122
671 350
672 26
673 70
674 426
675 404
676 564
677 86
678 210
679 493
680 176
681 239
682 674
683 510
684 625
685 456
686 312
687 437
688 211
689 468
690 350
691 31
692 439
693 535
694 366
695 6
696 673
697 288
698 229
699 244
700 254
701 342
702 369
703 445
704 138
705 340
706 144
707 410
708 97
709 502
710 444
711 462
712 402
713 705
714 320
715 436
716 174
717 462
718 534
719 182
720 115
721 431
722 38
723 222
724 718
725 357
726 376
727 138
728 253
729 442
730 502
731 276
732 541
733 390
734 377
735 527
736 588
737 591
738 358
739 674
740 545
741 425
742 549
743 538
744 385
745 107
746 375
747 580
748 248
749 152
750 666
751 584
752 66
753 13
754 256
755 27
756 316
757 635
758 376
759 655
760 9
761 135
762 689
763 368
764 42
765 104
766 339
767 722
768 667
769 704
770 72
771 26
772 687
773 235
774 165
775 441
776 740
777 701
778 747
779 427
780 228
781 111
782 125
783 638
784 357
785 212
786 84
787 696
788 357
789 667
790 755
791 392
792 48
793 687
794 452
795 219
796 738
797 402
798 533
799 58
800 459
801 431
802 207
803 708
804 160
805 504
806 701
807 426
808 225
809 575
810 145
811 440
812 135
813 391
814 144
815 139
816 368
817 109
818 458
819 767
820 812
821 119
822 799
823 26
824 281
825 12
826 163
827 220
828 15
829 13
830 49
831 796
832 617
833 676
834 54
835 91
836 55
837 540
838 351
839 510
840 463
841 504
842 434
843 79
844 281
845 551
846 534
847 740
848 335
849 431
850 89
851 247
852 460
853 197
854 515
855 140
856 766
857 253
858 298
859 317
860 796
861 153
862 546
863 627
864 851
865 359
866 405
867 716
868 762
869 198
870 578
871 869
872 452
873 130
874 472
875 816
876 609
877 369
878 796
879 577
880 135
881 564
882 496
883 357
884 611
885 678
886 367
887 865
888 759
889 673
890 175
891 685
892 733
893 334
894 505
895 727
896 637
897 63
898 544
899 833
900 781
901 436
902 256
903 379
904 217
905 835
906 66
907 510
908 560
909 391
910 867
911 312
912 621
913 866
914 744
915 602
916 1
917 809
918 866
919 541
920 879
921 761
922 461
923 352
924 235
925 344
926 61
927 225
928 12
929 854
930 329
931 301
932 918
933 728
934 301
935 631
936 189
937 564
938 331
939 288
940 624
941 222
942 258
943 281
944 353
945 835
946 711
947 275
948 106
949 820
950 627
951 934
952 478
953 733
954 890
955 117
956 865
957 266
958 594
959 32
960 688
961 82
962 486
963 175
964 679
965 95
966 631
967 724
968 466
969 373
970 23
971 44
972 238
973 326
974 494
975 256
976 336
977 669
978 817
979 630
980 854
981 197
982 556
983 891
984 94
985 53
986 30
987 155
988 589
989 394
990 542
991 514
992 870
993 828
994 966
995 377
996 994
997 336
998 964
999 422
1000 142
1001 725
1002 939
1003 277
1004 760
1005 379
1006 188
1007 187
1008 887
1009 712
1010 855
1011 941
1012 34
1013 261
1014 536
1015 709
1016 179
1017 808
1018 73
1019 462
1020 302
1021 978
1022 310
1023 758
1024 170
1025 412
1026 383
1027 342
1028 357
1029 209
1030 591
1031 794
1032 775
1033 910
1034 179
1035 414
1036 499
1037 284
1038 143
1039 732
1040 989
1041 222
1042 618
1043 541
1044 674
1045 748
1046 696
1047 135
1048 594
1049 31
1050 56
1051 589
1052 12
1053 263
1054 1053
1055 601
1056 325
1057 153
1058 957
1059 217
1060 319
1061 600
1062 611
1063 449
1064 17
1065 702
1066 972
1067 363
1068 778
1069 126
1070 1001
1071 115
1072 225
1073 70
1074 314
1075 351
1076 222
1077 610
1078 247
1079 301
1080 926
1081 955
1082 84
1083 910
1084 18
1085 576
1086 864
1087 583
1088 172
1089 796
1090 918
1091 320
1092 40
1093 714
1094 743
1095 582
1096 783
1097 486
1098 240
1099 306
1100 1031
1101 337
1102 10
1103 232
1104 425
1105 727
1106 164
1107 932
1108 223
1109 230
1110 642
1111 1109
1112 828
1113 762
1114 579
1115 922
1116 266
1117 811
1118 840
1119 563
1120 441
1121 526
1122 622
1123 1104
1124 46
1125 627
1126 222
1127 655
1128 632
1129 54
1130 755
1131 670
1132 332
1133 509
1134 111
1135 160
1136 500
1137 906
1138 974
1139 968
1140 234
1141 782
1142 538
1143 774
1144 1007
1145 244
1146 1052
1147 278
1148 473
1149 550
1150 250
1151 86
1152 693
1153 469
1154 801
1155 617
1156 58
1157 975
1158 759
1159 308
1160 789
1161 630
1162 1063
1163 820
1164 928
1165 646
1166 222
1167 960
1168 748
1169 103
1170 343
1171 859
1172 1039
1173 928
1174 172
1175 519
1176 275
1177 395
1178 1099
1179 442
1180 149
1181 146
1182 742
1183 172
1184 774
1185 121
1186 76
1187 28
1188 373
1189 250
1190 684
1191 762
1192 429
1193 525
1194 721
1195 969
1196 274
1197 760
1198 601
1199 727
1200 693
1201 614
1202 428
1203 495
1204 966
1205 109
1206 240
1207 1095
1208 542
1209 189
1210 1184
1211 839
1212 774
1213 991
1214 228
1215 1087
1216 618
1217 516
1218 518
1219 916
1220 408
1221 787
1222 420
1223 978
1224 1185
1225 517
1226 305
1227 1136
1228 493
1229 874
1230 916
1231 87
1232 1191
1233 350
1234 88
1235 218
1236 120
1237 169
1238 167
1239 1032
1240 460
1241 732
1242 762
1243 30
1244 344
1245 485
1246 737
1247 1000
1248 732
1249 540
1250 109
1251 1145
1252 1195
1253 1143
1254 353
1255 685
1256 77
1257 148
1258 846
1259 465
1260 1150
1261 1049
1262 85
1263 720
1264 302
1265 1080
1266 684
1267 490
1268 890
1269 343
1270 333
1271 747
1272 290
1273 894
1274 967
1275 1037
1276 652
1277 403
1278 394
1279 522
1280 1093
1281 1003
1282 347
1283 898
1284 447
1285 1066
1286 361
1287 771
1288 288
1289 739
1290 635
1291 532
1292 1010
1293 89
1294 1290
1295 845
1296 1000
1297 1164
1298 87
1299 595
1300 1283
1301 689
1302 55
1303 459
1304 280
1305 459
1306 360
1307 1009
1308 822
1309 727
1310 992
1311 272
1312 410
1313 247
1314 236
1315 893
1316 1035
1317 332
1318 663
1319 443
1320 775
1321 17
1322 115
1323 958
1324 1221
1325 318
1326 889
1327 481
1328 1310
1329 930
1330 986
1331 691
1332 80
1333 857
1334 746
1335 1116
1336 443
1337 125
1338 97
1339 527
1340 327
1341 1079
1342 342
1343 987
1344 729
1345 1289
1346 1264
1347 1337
1348 1117
1349 585
1350 1158
1351 109
1352 780
1353 1208
1354 852
1355 1052
1356 423
1357 1175
1358 196
1359 749
1360 962
1361 146
1362 248
1363 716
1364 971
1365 1312
1366 917
1367 782
1368 823
1369 1307
1370 161
1371 263
1372 760
1373 796
1374 586
1375 459
1376 505
1377 168
1378 1189
1379 85
1380 229
1381 1248
1382 1193
1383 258
1384 203
1385 238
1386 319
1387 309
1388 1310
1389 66
1390 233
1391 939
1392 332
1393 884
1394 494
1395 859
1396 28
1397 874
1398 1129
1399 1196
1400 1183
1401 940
1402 635
1403 192
1404 1246
1405 682
1406 1226
1407 712
1408 1172
1409 478
1410 985
1411 828
1412 263
1413 1175
1414 629
1415 601
1416 909
1417 1244
1418 310
1419 903
1420 990
1421 489
1422 1217
1423 135
1424 562
1425 1375
1426 272
1427 185
1428 134
1429 1411
1430 933
1431 351
1432 573
1433 1169
1434 578
1435 900
1436 448
1437 869
1438 284
1439 1223
1440 1014
1441 881
1442 1315
1443 104
1444 1188
1445 720
1446 304
1447 924
1448 494
1449 50
1450 1357
1451 1042
1452 844
1453 277
1454 774
1455 1005
1456 1220
1457 988
1458 1329
1459 945
1460 485
1461 1114
1462 587
1463 1408
1464 865
1465 746
1466 265
1467 1076
1468 821
1469 156
1470 1401
1471 1181
1472 359
1473 554
1474 798
1475 969
1476 467
1477 1248
1478 357
1479 1060
1480 1171
1481 192
1482 881
1483 1012
1484 365
1485 1178
1486 463
1487 898
1488 451
1489 931
1490 265
1491 11
1492 18
1493 573
1494 379
1495 1450
1496 1025
1497 1087
1498 869
1499 1265
1500 266
1501 992
1502 717
1503 848
1504 1478
1505 817
1506 1006
1507 950
1508 626
1509 1410
1510 751
1511 637
1512 977
1513 798
1514 369
1515 655
1516 588
1517 256
1518 755
1519 492
1520 328
1521 204
1522 406
1523 193
1524 1474
1525 1418
1526 1114
1527 1059
1528 239
1529 743
1530 1051
1531 797
1532 105
1533 161
1534 1134
1535 475
1536 1355
1537 430
1538 1230
1539 724
1540 226
1541 348
1542 752
1543 1100
1544 1251
1545 691
1546 983
1547 423
1548 964
1549 1126
1550 1361
1551 213
1552 1476
1553 207
1554 284
1555 318
1556 1510
1557 1542
1558 649
1559 1445
1560 19
1561 563
1562 156
1563 899
1564 1457
1565 1563
1566 1224
1567 65
1568 1440
1569 104
1570 530
1571 168
1572 1527
1573 1040
1574 135
1575 624
1576 353
1577 1441
1578 543
1579 757
1580 206
1581 781
1582 549
1583 579
1584 1257
1585 163
1586 847
1587 1525
1588 647
1589 1240
1590 1322
1591 1369
1592 1481
1593 836
1594 1428
1595 745
1596 783
1597 90
1598 1089
1599 2
1600 351
1601 1193
1602 22
1603 830
1604 1415
1605 143
1606 282
1607 1513
1608 882
1609 982
1610 695
1611 1160
1612 1125
1613 1478
1614 434
1615 651
1616 127
1617 1026
1618 1066
1619 457
1620 1312
1621 342
1622 731
1623 630
1624 1405
1625 1400
1626 436
1627 1260
1628 526
1629 1009
1630 383
1631 1539
1632 710
1633 1591
1634 1540
1635 355
1636 195
1637 633
1638 1065
1639 620
1640 1424
1641 891
1642 511
1643 635
1644 541
1645 1370
1646 625
1647 1239
1648 851
1649 1042
1650 1375
1651 940
1652 796
1653 546
1654 638
1655 288
1656 119
1657 1423
1658 1384
1659 1617
1660 813
1661 194
1662 945
1663 1062
1664 881
1665 1627
1666 1441
1667 128
1668 677
1669 850
1670 686
1671 708
1672 1118
1673 1391
1674 676
1675 1372
1676 221
1677 1308
1678 1121
1679 183
1680 306
1681 1564
1682 628
1683 1510
1684 1140
1685 445
1686 1081
1687 1080
1688 567
1689 899
1690 779
1691 832
1692 571
1693 143
1694 1025
1695 210
1696 248
1697 93
1698 1348
1699 379
1700 1430
1701 1134
1702 977
1703 469
1704 507
1705 764
1706 1577
1707 662
1708 1228
1709 211
1710 972
1711 573
1712 1639
1713 583
1714 1112
1715 1637
1716 1279
1717 1067
1718 364
1719 268
1720 753
1721 330
1722 175
1723 1228
1724 40
1725 1189
1726 864
1727 362
1728 480
1729 1220
1730 88
1731 910
1732 1553
1733 312
1734 127
1735 1598
1736 1702
1737 1208
1738 1527
1739 229
1740 350
1741 94
1742 1081
1743 1558
1744 1010
1745 1261
1746 1619
1747 1031
1748 485
1749 1156
1750 1079
1751 101
1752 816
1753 382
1754 1390
1755 1492
1756 848
1757 196
1758 377
1759 1624
1760 406
1761 1114
1762 1299
1763 1484
1764 296
1765 1205
1766 312
1767 812
1768 508
1769 1628
1770 70
1771 1103
1772 1324
1773 1326
1774 1448
1775 349
1776 1680
1777 836
1778 1316
1779 1518
1780 296
1781 112
1782 1336
1783 456
1784 1454
1785 1381
1786 56
1787 894
1788 991
1789 943
1790 192
1791 1397
1792 1528
1793 1765
1794 1253
1795 540
1796 1509
1797 521
1798 748
1799 1615
1800 793
1801 288
1802 59
1803 372
1804 1662
1805 27
1806 1710
1807 1248
1808 546
1809 949
1810 475
1811 1669
1812 709
1813 1202
1814 149
1815 423
1816 577
1817 1031
1818 675
1819 699
1820 881
1821 23
1822 1044
1823 1772
1824 1261
1825 1518
1826 1549
1827 557
1828 506
1829 1752
1830 715
1831 188
1832 508
1833 828
1834 864
1835 587
1836 621
1837 1829
1838 49
1839 1724
1840 146
1841 1736
1842 1265
1843 1119
1844 539
1845 1279
1846 7
1847 1301
1848 840
1849 310
1850 548
1851 1194
1852 478
1853 173
1854 449
1855 991
1856 924
1857 381
1858 668
1859 1681
1860 1403
1861 618
1862 570
1863 1441
1864 76
1865 1079
1866 172
1867 1434
1868 667
1869 1692
1870 845
1871 44
1872 296
1873 1845
1874 914
1875 341
1876 1746
1877 1592
1878 352
1879 733
1880 1054
1881 617
1882 669
1883 1519
1884 530
1885 1243
1886 1862
1887 1404
1888 1492
1889 1594
1890 671
1891 792
1892 1661
1893 1594
1894 977
1895 1777
1896 1007
1897 1051
1898 1099
1899 367
1900 887
1901 7
1902 1825
1903 1422
1904 1637
1905 724
1906 839
1907 1097
1908 1326
1909 774
1910 551
1911 136
1912 1565
1913 1495
1914 969
1915 1497
1916 409
1917 1602
1918 1692
1919 1447
1920 728
1921 1868
1922 535
1923 996
1924 1774
1925 1113
1926 1707
1927 109
1928 278
1929 1606
1930 7
1931 1219
1932 287
1933 487
1934 713
1935 923
1936 1265
1937 1196
1938 815
1939 1100
1940 528
1941 1440
1942 613
1943 322
1944 861
1945 1689
1946 851
1947 197
1948 487
1949 1549
1950 1535
1951 1020
1952 399
1953 604
1954 1120
1955 1190
1956 1868
1957 843
1958 1081
1959 293
1960 1126
1961 1305
1962 1803
1963 1451
1964 995
1965 1380
1966 1802
1967 815
1968 1648
1969 598
1970 1968
1971 1470
1972 962
1973 1749
1974 761
1975 983
1976 975
1977 63
1978 1092
1979 343
1980 1888
1981 1478
1982 560
1983 829
1984 1826
1985 530
1986 443
1987 322
1988 346
1989 1012
1990 775
1991 1172
1992 587
1993 1692
1994 1552
1995 1439
1996 59
1997 1874
1998 880
1999 1063
2000 1972
2001 74
2002 1637
2003 1566
2004 1799
2005 4
2006 813
2007 800
2008 1440
2009 945
2010 1735
2011 539
2012 1646
2013 363
2014 1791
2015 802
2016 1061
2017 1782
2018 802
2019 306
2020 433
2021 384
2022 102
2023 1448
2024 1578
2025 590
2026 335
2027 1714
2028 189
2029 1505
2030 393
2031 1644
2032 365
2033 1440
2034 357
2035 619
2036 1870
2037 522
2038 292
2039 640
2040 1338
2041 1790
2042 97
2043 1622
2044 280
2045 477
2046 1331
2047 1027
2048 25
2049 1936
2050 1717
2051 1154
2052 873
2053 1151
2054 1960
2055 790
2056 746
2057 1473
2058 1930
2059 1839
2060 1986
2061 840
2062 75
2063 374
2064 322
2065 928
2066 1342
2067 1487
2068 1839
2069 643
2070 1283
2071 1671
2072 1555
2073 496
2074 1224
2075 1115
2076 534
2077 812
2078 626
2079 1430
2080 600
2081 40
2082 924
2083 335
2084 263
2085 8
2086 757
2087 1475
2088 1183
2089 747
2090 791
2091 636
2092 1318
2093 93
2094 811
2095 822
2096 478
2097 1985
2098 1601
2099 157
2100 1551
2101 683
2102 1278
2103 1104
2104 388
2105 461
2106 1551
2107 380
2108 774
2109 1616
2110 129
2111 1325
2112 1247
2113 1029
2114 1864
2115 397
2116 655
2117 1048
2118 712
2119 2037
2120 329
2121 2061
2122 1295
2123 1816
2124 1618
2125 1350
2126 387
2127 1197
2128 831
2129 540
2130 171
2131 307
2132 1193
2133 1761
2134 32
2135 1698
2136 1804
2137 382
2138 793
2139 1200
2140 739
2141 1036
2142 137
2143 918
2144 673
2145 304
2146 830
2147 318
2148 1193
2149 1431
2150 382
2151 2047
2152 1917
2153 1783
2154 1329
2155 379
2156 365
2157 1904
2158 1801
2159 25
2160 1532
2161 2089
2162 1423
2163 192
2164 2026
2165 1995
2166 1591
2167 655
2168 7
2169 506
2170 1618
2171 1474
2172 401
2173 77
2174 117
2175 1563
2176 1074
2177 1585
2178 302
2179 1246
2180 460
2181 1217
2182 1739
2183 1080
2184 517
2185 2177
2186 1660
2187 1114
2188 2024
2189 1346
2190 445
2191 1136
2192 797
2193 208
2194 1687
2195 339
2196 130
2197 1091
2198 1263
2199 1174
2200 2051
2201 371
2202 650
2203 221
2204 888
2205 1127
2206 1790
2207 937
2208 1503
2209 1616
2210 1679
2211 208
2212 872
2213 1913
2214 964
2215 650
2216 2126
2217 954
2218 868
2219 436
2220 1935
2221 1738
2222 1784
2223 2097
2224 14
2225 361
2226 36
2227 322
2228 893
2229 990
2230 1581
2231 416
2232 544
2233 551
2234 1814
2235 909
2236 780
2237 1886
2238 1539
2239 1667
2240 1703
2241 1237
2242 61
2243 1211
2244 1238
2245 1953
2246 431
2247 1728
2248 556
2249 1076
2250 1121
2251 347
2252 64
2253 942
2254 8
2255 411
2256 1312
2257 1820
2258 1987
2259 610
2260 1306
2261 40
2262 437
2263 131
2264 225
2265 1272
2266 948
2267 626
2268 2139
2269 250
2270 535
2271 1642
2272 1277
2273 103
2274 1873
2275 2249
2276 302
2277 1535
2278 1953
2279 815
2280 1879
2281 781
2282 1479
2283 2158
2284 1686
2285 1023
2286 368
2287 1633
2288 923
2289 1584
2290 497
2291 1602
2292 1493
2293 1480
2294 312
2295 1280
2296 2031
2297 1604
2298 759
2299 1723
2300 499
2301 367
2302 1619
2303 2144
2304 1978
2305 1711
2306 1811
2307 795
2308 494
2309 940
2310 1022
2311 1485
2312 2309
2313 1014
2314 410
2315 1947
2316 1697
2317 1293
2318 203
2319 80
2320 1976
2321 2238
2322 2202
2323 516
2324 169
2325 2312
2326 1238
2327 474
2328 886
2329 628
2330 2177
2331 1723
2332 1320
2333 380
2334 1834
2335 1573
2336 428
2337 2101
2338 2073
2339 2130
2340 1763
2341 1404
2342 373
2343 827
2344 1229
2345 862
2346 1552
2347 1441
2348 974
2349 776
2350 936
2351 388
2352 377
2353 1838
2354 2025
2355 2263
2356 147
2357 2122
2358 684
2359 1757
2360 799
2361 1207
2362 629
2363 1101
2364 272
2365 586
2366 1444
2367 2156
2368 1698
2369 513
2370 1935
2371 1230
2372 480
2373 2187
2374 1820
2375 1901
2376 2349
2377 1479
2378 1541
2379 951
2380 820
2381 784
2382 1127
2383 433
2384 1423
2385 2376
2386 1562
2387 2034
2388 1971
2389 1255
2390 1044
2391 1027
2392 273
2393 1215
2394 341
2395 1735
2396 2239
2397 1997
2398 2354
2399 372
2400 1748
2401 2203
2402 1657
2403 50
2404 1119
2405 2304
2406 885
2407 1068
2408 431
2409 759
2410 2199
2411 1132
2412 503
2413 1292
2414 1403
2415 1144
2416 322
2417 2355
2418 2171
2419 899
2420 723
2421 1579
2422 328
2423 391
2424 1919
2425 266
2426 642
2427 480
2428 1811
2429 2265
2430 2250
2431 583
2432 155
2433 138
2434 1518
2435 874
2436 1586
2437 188
2438 442
2439 635
2440 1989
2441 527
2442 1574
2443 312
2444 1203
2445 789
2446 1443
2447 1020
2448 1245
2449 281
2450 274
2451 1980
2452 194
2453 2405
2454 1419
2455 2022
2456 1151
2457 1961
2458 847
2459 1729
2460 616
2461 202
2462 889
2463 380
2464 2166
2465 1464
2466 1238
2467 119
2468 2447
2469 215
2470 1133
2471 1140
2472 193
2473 391
2474 1621
2475 583
2476 390
2477 551
2478 988
2479 1145
2480 1367
2481 960
2482 1695
2483 2110
2484 611
2485 943
2486 836
2487 2203
2488 2419
2489 492
2490 2205
2491 1064
2492 2064
2493 759
2494 564
2495 766
2496 1399
2497 1291
2498 2328
2499 2004
2500 2325
2501 1193
2502 1534
2503 1040
2504 700
2505 2103
2506 1640
2507 2083
2508 2460
2509 626
2510 2105
2511 2438
2512 2097
2513 497
2514 960
2515 1158
2516 1040
2517 2055
2518 72
2519 620
2520 1175
2521 2083
2522 2184
2523 691
2524 509
2525 157
2526 1497
2527 1943
2528 1849
2529 492
2530 1906
2531 645
2532 2164
2533 1158
2534 2091
2535 339
2536 1721
2537 535
2538 306
2539 2158
2540 2265
2541 1246
2542 281
2543 824
