3270 1634
1509 2031
3078 757
757 2031
315 820
820 1509
1594 4
1594 3078
3120 392
392 1594
1111 2962
2962 820
826 398
826 1111
1764 1460
1764 315
981 2450
2450 3120
1601 1263
1263 1594
460 907
460 1509
3245 2159
2159 907
2426 2099
2426 2031
2351 1296
1296 4
1613 1246
1246 2426
2562 1226
1226 907
1904 2982
1904 1296
3119 96
96 3245
554 157
554 2031
1756 2215
2215 1764
1062 932
1062 1263
2709 3167
3167 4
2177 428
428 1062
683 662
662 428
2785 920
2785 1246
773 1853
773 3119
3131 221
3131 315
2913 705
2913 2785
2464 1583
1583 157
610 150
150 3131
103 2940
103 1246
2017 982
2017 2177
2516 2637
2516 1460
3233 569
569 2099
2549 2337
2549 2982
2841 2174
2174 1062
1465 1379
1465 1904
1248 3254
3254 2549
68 468
468 1764
1571 1978
1571 3233
1095 2316
1095 757
2013 2810
2810 1613
3082 3250
3250 1246
2056 75
2056 1296
1026 2605
2605 3250
1522 896
896 103
1074 501
501 1460
2018 2000
2018 1465
1678 2939
2939 1465
2780 1463
1463 1853
670 494
670 2351
3150 1836
3150 2516
450 2741
2741 1074
1570 2261
2261 2741
1104 1644
1104 460
542 508
508 705
2258 993
2258 3119
1264 2744
2744 3254
1180 1052
1052 392
2008 1072
2008 1601
521 749
749 508
308 1206
308 2013
1612 636
1612 450
1485 2208
1485 1522
1142 415
415 1460
1762 2344
2344 308
1692 2632
2632 2351
2988 352
352 554
580 216
580 1062
1773 872
872 501
2572 162
162 1460
2263 436
436 1111
2606 1435
1435 2780
2111 557
2111 1583
1872 3161
3161 1978
561 181
561 1206
950 713
713 2632
1227 1818
1227 749
1497 342
342 1773
2296 2227
2296 1762
1540 2336
2336 3254
2710 1578
1578 2056
2719 2347
2719 2336
383 2295
383 2017
456 1322
456 3119
222 3174
222 896
255 1476
1476 1460
1444 2660
1444 542
2118 3010
2118 2177
2319 1331
2319 1692
95 2756
95 2177
2279 2686
2686 1571
1136 1790
1136 982
1961 2393
1961 1790
2898 2384
2384 2940
2615 2548
2548 2898
1382 478
478 2347
3210 1902
1902 2637
952 1306
952 542
2895 292
2895 1136
2758 910
2758 1497
2534 3243
2534 773
2248 2612
2612 2780
2656 2587
2656 2351
287 2447
2447 1836
2857 2251
2251 2632
2718 2984
2984 1460
1218 3185
3185 1306
805 3067
805 2718
801 355
355 2709
2216 1786
2216 1463
824 1257
824 896
299 2634
299 2719
2444 665
665 3067
194 1980
1980 3250
868 388
868 1062
76 1303
1303 1756
1683 1837
1837 1786
1412 1102
1412 2351
275 2471
2471 2177
403 69
69 1612
2748 2273
2748 76
2781 2282
2282 826
1297 1911
1297 1613
702 2488
2488 194
1185 390
390 96
2069 2437
2437 2748
649 2596
2596 478
2124 1498
1498 1095
1123 549
1123 683
2520 1602
2520 1570
1684 1971
1684 428
2074 776
776 2841
252 2621
2621 1678
1569 1565
1569 2017
2235 1976
1976 1074
2650 548
2650 2637
2875 1131
1131 2634
1000 2473
2473 2227
135 2736
135 3250
2113 199
2113 1226
730 911
730 1961
1234 2515
2515 1485
454 2559
454 542
3157 1030
1030 69
2087 488
2087 103
1966 3060
3060 199
1906 2176
1906 456
3046 2084
3046 3245
606 1058
606 2634
1398 1835
1398 757
1329 3050
1329 388
1988 3028
3028 1678
2825 2531
2825 713
1347 796
1347 221
633 1511
1511 2018
2032 1905
2032 868
201 1260
201 415
1077 1926
1926 1583
1939 1376
1939 221
1175 1134
1134 981
1035 1810
1035 199
489 644
489 2159
526 40
40 2744
2694 2236
2236 2988
353 585
353 2235
2763 1874
2763 181
3017 1530
3017 896
2340 595
2340 1435
3153 697
3153 1142
1628 368
368 157
1970 2738
2738 805
645 2908
645 2548
947 317
317 3067
520 2906
520 2612
59 1445
59 1035
1727 2715
2715 1628
2792 3155
3155 317
767 3206
767 1509
469 2955
469 1123
654 1237
654 489
492 2311
2311 1026
104 1320
1320 767
1819 3054
3054 1727
1720 498
1720 1227
2778 2990
2990 1756
930 3134
3134 95
2666 2911
2911 2426
2260 3013
3013 1306
1605 3268
3268 3046
1519 246
246 730
965 179
965 920
679 3269
679 494
1429 2302
2302 454
1622 407
1622 3017
204 2821
2821 2656
2284 1919
2284 801
1249 592
1249 407
422 1204
1204 1605
3182 1806
3182 2984
1455 2932
1455 3060
1589 1438
1438 654
720 1689
720 554
2580 2433
2433 2340
191 892
892 3134
1383 36
1383 1612
648 1427
1427 2013
2448 2431
2431 872
23 1491
23 1412
2570 1437
2570 749
260 1844
260 2431
1386 277
277 3268
369 169
369 2471
639 534
639 3155
2608 635
635 352
3265 852
852 460
1826 1191
1826 610
2144 2415
2144 1491
1298 2303
2303 2215
503 2234
503 2516
972 2338
972 892
242 2811
2811 3119
1750 2076
1750 549
2136 799
799 649
1368 1176
1176 981
2247 1794
2247 896
1469 762
1469 503
491 1516
491 352
2126 1345
1345 194
2164 361
361 2337
2439 3064
2439 2792
2298 790
790 1794
2618 291
291 436
2073 2460
2073 342
1897 2055
2055 1320
2097 85
85 2906
2997 1898
1898 1720
2210 1370
2210 645
657 884
884 1000
2561 6
2561 1578
684 3047
684 892
2776 941
941 1605
1994 186
186 1720
1765 2071
1765 3050
2004 122
2004 287
2980 2495
2980 1248
1732 2643
2643 2177
2883 1989
1989 407
100 1239
1239 2296
2574 1205
2574 1429
1255 1143
1143 805
1394 354
1394 941
2037 1749
2037 1370
1266 1596
1596 2596
957 795
795 3078
1918 506
1918 2302
933 2714
933 287
2091 1856
2091 2719
2051 3226
3226 2124
1912 2224
2224 1874
1244 2784
2784 1331
507 301
301 2124
439 1968
1968 2857
1188 1079
1188 2126
3048 1801
1801 6
1402 290
290 1519
2371 1562
2371 3182
1114 372
372 275
2890 2041
2890 2031
2977 1528
2977 1206
502 544
544 1463
813 2379
2379 1176
2640 2601
2601 2069
2585 2728
2585 255
1977 2755
2755 252
1337 693
693 2940
332 1981
1981 1246
2691 3217
2691 368
80 2300
80 392
1959 2604
2604 534
740 1210
1210 2890
167 427
427 169
382 2834
2834 1296
210 600
600 684
1505 2280
1505 2144
1830 327
327 3119
2093 2735
2093 2018
254 2521
2521 2415
2130 2155
2155 494
434 2168
2168 1684
164 3163
3163 1386
79 2853
79 3131
262 2419
262 352
1558 2137
2137 1906
2872 2161
2161 2741
1537 1586
1537 1035
22 2599
22 2415
935 389
389 1298
2349 1935
1935 2714
1240 1643
1643 1337
2110 2829
2829 3182
1757 2916
1757 2811
2050 2564
2564 2248
768 1983
768 1612
1161 2966
2966 1263
192 3063
192 1244
2924 2432
2432 892
1910 888
888 2780
3215 1627
1627 3048
1259 1936
1936 1370
2157 2949
2949 2110
819 3201
819 920
1567 604
604 2071
1513 2265
2265 2549
264 1592
264 2585
1242 2695
2695 1806
2746 515
2746 1684
92 1715
1715 1522
3227 922
922 1058
791 1413
1413 2686
282 863
863 1460
47 509
509 2940
2863 1745
2863 507
285 3220
285 1234
2948 106
2948 2601
2170 1534
2170 2349
2817 123
123 282
1940 2886
1940 1445
1038 459
459 1786
237 1859
1859 911
1409 1081
1081 3163
1150 3140
1150 2393
1019 2245
2245 1790
1952 1711
1711 799
2511 7
7 801
18 985
18 76
3014 843
3014 1540
1040 2476
1040 3047
1892 1456
1456 2384
3159 815
3159 2875
2005 560
2005 2758
178 1360
1360 2637
2918 1812
2918 554
759 643
759 3227
2876 1559
1559 2137
119 669
669 2990
879 2642
2642 2744
91 1200
91 192
1369 504
504 1826
2885 2193
2885 1806
1356 1920
1356 162
2870 2286
2870 2084
376 307
376 2587
1055 1984
1984 382
1061 2278
1061 1936
446 1117
446 2585
1523 1044
1523 1079
596 2058
2058 1836
533 1054
1054 2336
745 2826
2826 2606
3105 1389
1389 439
1037 156
156 643
2223 1887
1887 2393
109 2981
2981 1589
661 1697
661 1322
107 802
802 1905
3194 86
3194 2278
1228 1648
1228 1859
2016 1355
1355 509
1600 3198
1600 509
1202 3145
3145 156
3023 2528
3023 3198
1279 217
217 1188
1109 2964
1109 1528
1681 1135
1135 1683
1778 485
485 947
1028 1950
1028 820
908 2205
908 1586
800 455
800 1102
2815 2967
2967 2520
942 2202
942 1906
479 3255
3255 2076
184 1908
184 1246
399 1372
399 491
574 1659
574 2719
449 412
449 492
2139 1791
1791 1950
1943 2049
1943 2642
3248 148
3248 422
1661 1425
1425 2695
1990 1855
1855 2811
734 2689
734 1844
2816 2761
2816 2876
808 822
808 485
1110 3011
3011 162
2042 775
2042 2215
3200 2191
3200 1511
56 2375
56 1844
375 2015
2015 504
856 2325
856 2748
874 1332
874 1522
2633 1698
1698 561
2669 1477
2669 1571
812 418
812 2564
823 362
362 1505
2973 1325
1325 1644
1789 1395
1789 3194
1723 680
1723 2069
1284 193
1284 767
1949 2847
1949 469
1575 733
733 520
2083 563
2083 705
2910 2514
2514 639
3168 2361
3168 1856
737 226
737 449
1313 1866
1866 684
1103 587
587 1571
1291 1828
1291 2741
2849 2397
2397 795
3222 2001
3222 428
1362 3025
3025 1143
539 458
458 1030
1144 3144
1144 2778
1763 1680
1763 1765
1042 2575
1042 515
949 1221
1221 1826
1224 2963
2963 1786
511 1886
1886 3105
2059 2411
2411 2280
2327 969
2327 3144
170 182
170 1058
2547 401
2547 388
258 2440
2440 418
567 2009
567 3198
2175 2927
2927 2780
1688 2420
2420 1562
3264 3141
3141 1720
1452 3236
1452 104
1336 1157
1336 2694
2428 3241
2428 1732
480 1741
1741 450
510 2132
2132 468
360 269
360 3028
2335 1421
1421 759
2342 590
2342 2744
2598 3181
3181 1035
707 955
955 2549
1192 2774
2774 479
1457 2901
2901 1968
883 363
363 2564
130 751
751 2825
1561 2846
1561 2841
1174 785
1174 458
1841 2077
1841 352
1189 1937
1937 3181
2607 928
928 2077
421 2491
421 262
1682 1714
1714 879
1973 3009
1973 2247
578 82
82 1534
1071 2427
2427 1741
284 1817
1817 1983
1518 1169
1518 1135
2131 44
44 1072
3211 205
205 1303
1354 1833
1833 1844
1211 2722
1211 1727
1788 1059
1059 2815
1736 2199
1736 1228
183 3037
183 578
2220 52
2220 1498
3101 1974
3101 539
3247 1769
3247 2450
2484 414
2484 489
2567 2276
2567 2748
2766 764
764 1605
486 2367
2367 1109
1774 2970
2970 1111
2525 2839
2839 2009
2346 2435
2346 670
2757 939
2757 2776
973 2256
973 2202
1507 3138
3138 2126
1046 3133
3133 2774
685 89
89 680
1453 701
1453 392
358 855
358 2124
3137 2226
2226 868
218 32
218 2093
1591 442
442 2316
1502 2739
2739 2605
724 1546
1546 1939
188 316
188 1561
2192 1996
1996 1246
831 21
21 2714
2231 3204
2231 2278
1645 343
343 1142
1155 1295
1155 1943
74 2720
2720 2346
1595 1391
1595 2815
859 2779
2779 2124
623 2014
623 874
2737 2813
2737 2371
64 2183
2183 2015
1273 2313
1273 1457
2405 1128
1128 156
78 607
78 2642
3171 3034
3034 1874
1115 2812
2812 2870
728 1506
1506 192
627 624
627 805
339 2502
2502 2464
1767 425
425 358
2742 1137
2742 78
546 2704
546 2251
615 3086
615 1052
691 2579
691 679
848 1290
848 1586
629 839
839 592
2750 3115
3115 2367
686 926
926 644
1029 977
1029 2918
1105 2805
1105 360
1410 212
212 1437
2861 2768
2861 3264
2777 1172
1172 972
3092 754
754 418
196 2807
2807 2621
1809 2293
2293 2813
547 3032
547 1711
783 1608
1608 2780
3104 1524
1524 2763
556 1679
1679 1095
1087 270
1087 3025
591 3183
3183 2215
2334 83
2334 2737
393 42
393 1105
3068 735
735 2574
49 1381
49 1266
3139 913
913 549
2845 2950
2950 2587
1021 902
902 2130
10 658
658 1819
2953 2151
2953 1273
2881 2687
2881 1534
2163 3224
3224 2607
2233 1969
1969 1507
1673 408
1673 1398
3263 766
3263 1394
1267 1294
1267 3133
690 1755
1755 3200
283 3260
3260 2587
3095 2102
3095 2251
3143 2865
3143 2073
1579 279
279 494
2896 978
978 1844
2767 2655
2767 1175
2664 2449
2449 2767
500 2394
2394 1790
958 1825
958 1131
2809 1308
1308 1571
322 2879
2879 2845
1132 860
860 2898
1482 276
276 2433
2230 832
2230 1789
1085 2946
1085 2660
1550 326
326 2669
126 2486
126 1172
2324 1116
2324 1565
1488 120
120 2604
395 1214
1214 1680
180 1018
180 2041
858 2353
2353 607
3069 2474
2474 383
530 1860
530 1054
420 528
420 49
2481 2182
2481 2000
244 894
894 1837
1411 841
1411 109
612 2858
2858 1904
1339 3124
1339 107
1125 1407
1125 1936
379 2646
2646 326
2222 962
2222 68
2904 1426
1426 815
1280 2703
1280 920
41 2862
2862 2286
2294 3189
2294 1765
448 1691
1691 1102
1760 1403
1760 2296
1036 198
1036 69
409 525
409 68
2519 2595
2519 494
452 2498
2498 485
495 1447
1447 1819
127 286
127 82
1305 1848
1848 680
3261 3083
3083 2005
1597 522
1597 1723
512 2047
2047 299
2625 1041
2625 2962
2200 67
67 1910
2638 1068
2638 615
2661 129
129 1918
1351 1884
1351 3215
1094 1423
1094 548
2385 2317
2385 2612
197 944
944 434
881 2552
881 106
239 594
594 768
1378 927
927 123
1722 2793
2793 2737
3093 426
3093 1294
1269 2899
2899 420
2659 2274
2274 262
564 656
656 795
1951 149
1951 679
1553 1031
1553 205
1324 2705
2705 6
1675 2987
2987 3182
1448 1164
1164 3204
2388 2119
2388 1817
1654 1310
1654 1605
410 136
410 2313
953 960
960 1488
2665 12
2665 567
131 1914
131 1218
2040 3186
2040 2598
517 2187
517 2953
1217 2522
2522 2076
2545 2030
2545 2428
304 3018
304 1237
1576 3242
1576 1485
3178 2527
2527 2164
288 3190
3190 512
1520 2905
1520 1305
1770 1146
1146 587
1436 1118
1118 874
1213 2726
2726 352
2878 1338
1338 662
28 490
28 2694
3165 1669
3165 3124
143 99
99 198
1782 2658
2658 3241
1190 2485
1190 3010
3084 373
3084 1264
901 2152
2152 1509
2791 330
2791 508
2262 1005
2262 2298
1814 2203
1814 2982
2560 1089
1089 2736
158 893
158 1523
1672 3122
1672 2263
1891 2508
2508 2419
101 573
573 1540
1108 621
1108 2511
2627 709
2627 1128
2725 2171
2725 775
2592 2120
2592 363
2641 2390
2390 2816
741 2871
2871 822
1462 1002
1462 1935
1991 1287
1287 2298
1120 1177
1177 1763
642 3123
3123 4
134 601
134 2256
1802 1813
1802 822
55 1197
1197 1794
990 2468
990 3133
1543 3203
1543 398
1015 349
349 1940
605 1278
605 2302
634 17
634 502
481 1160
481 3119
2698 696
696 3181
397 185
185 1828
1300 1822
1300 629
2197 2630
2630 2379
2928 704
2928 2655
132 2622
2622 55
2434 667
2434 322
3188 616
616 2661
1126 825
825 820
964 3225
3225 277
3019 1075
1075 1711
2912 300
300 1259
2382 3100
2382 332
2712 2213
2712 2261
2108 897
2108 1683
3240 3058
3058 612
1998 1593
1593 2447
2915 943
943 178
1724 3042
3042 636
664 2701
664 184
936 1896
1896 3105
3097 898
3097 2099
1574 115
1574 2927
1178 1700
1700 521
2092 2517
2517 1108
124 1997
124 450
1938 438
438 973
1474 1093
1093 2230
249 3075
249 1673
2745 1487
2745 1691
1100 882
882 2704
603 2754
2754 2528
472 2628
2628 32
1431 2442
1431 1576
1056 243
243 2608
1349 2312
1349 1591
738 2670
738 2361
1193 516
516 1540
3252 833
3252 1605
2179 2836
2179 1594
689 293
689 3250
1390 1960
1960 3018
1277 2947
2947 3190
2105 2398
2105 3082
3193 1430
3193 1435
2079 484
484 322
1374 2145
2145 2083
2270 1027
2270 1382
1590 1752
1590 1770
324 477
324 2300
2466 344
344 1000
1070 172
172 2748
202 1373
1373 2213
2503 1934
2503 3067
2586 1964
1964 1822
2631 1208
2631 962
1343 980
980 1228
3164 1831
3164 1935
987 3052
3052 156
3080 698
698 868
2412 2275
2412 2698
1717 1895
1895 898
1657 1962
1962 1378
3192 918
918 56
46 1639
1639 1030
1428 1641
1641 2450
1418 3090
1418 237
2103 391
2103 691
2441 1545
2441 330
770 1439
1439 3247
905 2410
905 486
1243 2978
2978 2486
788 2958
2958 2839
2238 632
2238 2901
219 1199
219 2567
2081 2975
2081 353
2417 1166
1166 4
2771 842
2771 569
1868 3166
3166 978
2692 2952
2952 2932
2479 2893
2479 2901
1424 1632
1632 2641
1796 1053
1053 2059
3162 2505
2505 2258
3061 3249
3249 1425
2026 638
2026 2980
1203 147
147 2336
1013 2244
2244 1600
810 2123
2123 3083
1464 1252
1464 2722
430 3175
430 421
1759 999
999 1802
2228 2734
2734 1390
165 482
165 1239
1652 2808
1652 2426
2121 2678
2121 199
844 1458
1458 2703
118 2795
118 2632
3221 2868
3221 1835
2629 1725
2629 2275
742 1478
1478 1136
2149 2934
2934 2171
1737 313
313 2137
473 2395
2395 1300
961 3126
961 3037
2400 142
142 1546
1309 814
814 2342
2551 1012
2551 501
531 2769
2769 973
2310 2134
2134 2231
2142 967
967 1763
2492 306
306 2176
433 1397
433 1886
211 1319
211 705
2685 2196
2685 3084
2959 2680
2680 2099
752 2098
2098 733
867 3176
867 1114
1399 2061
2061 3204
609 1620
1620 980
2292 2225
2225 1157
2542 809
2542 2704
914 3008
914 2460
2354 891
891 2825
2925 1747
2925 1035
828 266
266 204
2540 925
2540 2182
1721 934
1721 1372
2676 1361
2676 1373
475 1687
1687 127
3179 297
297 2056
2232 626
2232 2924
1695 2877
1695 126
1065 666
666 1059
2052 1965
2052 2092
2855 1838
1838 2017
280 2012
2012 2908
1619 3006
3006 2361
2254 1533
2254 1762
1972 2672
1972 2144
816 676
676 1996
173 2556
173 2911
545 2209
545 3013
1274 2240
1274 1786
650 2332
650 2912
538 1097
1097 2825
1751 1923
1751 2687
259 39
39 2564
988 1384
988 299
499 2889
2889 3240
2671 110
110 2875
703 1947
703 1035
2266 2424
2266 691
2250 2060
2060 1105
2257 386
386 2251
2711 2453
2453 2388
2591 2348
2348 1278
1785 1710
1710 1559
3251 61
61 528
2135 1531
1531 2872
692 2563
2563 52
1942 2487
1942 28
3229 2610
2610 2754
3039 2088
2088 460
647 2716
647 1065
2067 2429
2429 1809
2401 2693
2693 2179
2299 618
2299 3122
1894 1929
1929 2351
674 2907
2907 1071
2217 2100
2100 426
2590 1468
1468 825
1624 1776
1624 1356
2500 917
2500 2058
2835 653
2835 242
781 1127
1127 1727
3218 1312
3218 85
206 1761
1761 545
2550 994
994 2225
2408 87
2408 1778
1293 608
608 2627
312 2043
2043 1981
887 1357
1357 1021
1525 1704
1704 544
2707 2392
2392 3013
1417 1544
1544 3115
2765 2983
2983 1355
497 1099
497 1652
710 146
146 539
1744 2143
1744 2687
2537 1504
1504 2395
3207 2822
3207 809
2423 3076
3076 973
2201 1043
2201 605
310 2277
2277 2097
351 2682
2682 206
2490 2679
2490 1093
3066 1451
3066 2915
3209 2727
3209 2863
245 3180
3180 528
1499 1286
1286 802
145 1777
145 1817
1824 2463
2463 2877
2724 1527
1527 1575
2483 2684
2684 2682
1236 1323
1236 2784
2583 602
602 548
53 2998
2998 1061
835 464
835 375
161 1443
1443 2449
3022 3111
3111 2298
1198 948
948 822
141 1139
141 2155
1148 160
1148 2575
1251 1705
1705 950
1664 1493
1493 2347
543 3005
543 482
2358 240
2358 2755
838 2788
838 1991
2194 1010
1010 683
125 1554
1554 1476
133 2989
133 2711
1753 995
995 103
1222 2782
1222 2453
1626 2626
1626 459
565 1181
565 2084
1634 3258
1634 2017
1526 3113
1526 99
2167 2856
2856 751
2172 1547
1547 3022
2383 2654
2383 1139
367 43
43 2119
487 3041
3041 2149
65 875
875 587
1501 2070
2070 469
3158 2732
3158 127
1617 1532
1532 1507
1573 1843
1573 508
2566 2961
2566 816
2022 2068
2068 3075
2991 1909
1909 270
176 1326
1326 2164
3109 3116
3109 21
1616 906
1616 2642
2153 1599
2153 1628
2180 2837
2837 1502
1025 2674
1025 2916
2546 2819
2819 3263
97 303
303 2022
189 435
189 3163
2584 1328
1328 1224
2409 1145
2409 183
581 1405
1405 3182
3088 1479
1479 1573
3108 3152
3152 3168
677 2165
2165 2766
337 3270
337 2566
3043 2309
2309 3116
340 1006
340 355
1930 2897
2897 1193
1229 663
663 1374
2509 2114
2114 1176
2066 3213
2066 728
2668 811
2668 2067
457 784
784 2805
2496 1875
1875 2228
1434 3029
3029 2813
622 966
622 2679
1702 1082
1082 1312
2802 1514
2802 504
3087 2960
3087 544
2328 1184
2328 692
1140 406
1140 3006
1050 2653
2653 608
2021 830
2021 1919
2034 2364
2364 1938
2775 2749
2749 1628
1171 2023
2023 1131
3219 2648
2648 2678
231 1740
231 1360
1993 979
1993 2738
1016 1948
1948 1027
1130 1377
1130 110
2482 341
341 1950
233 1743
1743 2450
3208 105
105 2989
1363 3184
1363 855
404 474
404 3108
2530 996
2530 2338
2472 2892
2892 2802
1212 1572
1572 1723
3262 1699
1699 1072
719 2389
719 859
514 30
514 2861
861 2489
861 1860
1893 137
137 3043
70 1890
70 2897
2979 2072
2979 639
329 2772
2772 2074
1220 2458
2458 543
769 1647
769 1590
1001 200
200 3022
1854 2681
1854 2265
1542 1921
1921 1854
3026 2539
2539 3226
203 1666
203 2665
2931 2867
2931 3162
1064 1283
1283 3215
3199 1057
1057 1786
1668 1440
1440 2068
1416 1598
1416 2583
2933 214
214 1513
678 2613
678 316
2677 2506
2506 1911
440 579
440 1137
1215 2926
2926 1761
1539 1067
1539 1509
1772 3266
1772 1509
29 1408
1408 3139
424 2773
2773 1938
1709 2204
1709 3186
2976 195
2976 1743
2158 1168
2158 1969
613 2614
2614 1813
2218 31
31 3139
2297 951
2297 1691
2219 2594
2219 1397
755 2127
755 2155
305 869
869 1848
597 2095
597 1659
365 1630
365 3067
2188 2057
2057 326
2764 2365
2764 2059
847 1631
847 3184
3117 319
319 649
3234 992
3234 2489
3196 1047
3196 2153
570 1779
1779 762
854 2830
854 2694
1932 2007
1932 1105
2652 2470
2652 1137
681 1685
1685 3245
956 846
956 2415
2314 14
14 2202
1870 1979
1870 456
2651 2888
2888 1904
2330 2112
2112 1996
1945 912
912 1977
1609 1953
1609 1389
2513 476
476 2948
758 938
758 1298
1775 2524
1775 2460
723 1098
1098 1942
1344 2713
2713 361
1800 2189
2189 1280
2914 743
2914 1910
1690 1096
1096 2389
3020 2699
3020 538
984 1827
1827 609
417 289
289 367
359 997
359 1210
1712 1958
1712 2013
447 2129
2129 1062
1850 1173
1173 2847
168 1032
168 182
2326 121
121 1850
445 250
445 2712
2840 836
2840 2328
3027 1400
3027 618
1907 370
1907 1444
2589 2806
2589 375
1771 1475
1475 2354
93 1048
93 341
886 2241
2241 1794
536 2954
2954 1217
731 946
731 3150
919 1839
919 1767
1696 251
251 522
174 1708
1708 1130
2783 3257
3257 1583
1433 462
462 1451
2971 873
2971 902
550 1842
1842 2821
706 2838
706 893
1615 3214
1615 436
655 2753
655 2417
2860 2957
2957 955
1449 177
177 2987
2568 1730
2568 2788
2965 1262
2965 2200
1847 659
1847 1132
2322 1420
1420 2979
1957 1299
1299 820
1888 1883
1883 2131
540 566
540 3268
1483 1380
1380 1827
931 113
931 3219
345 2229
345 226
2702 1803
2702 2371
2786 1986
2786 3167
2843 3223
2843 2784
2986 2533
2533 2826
2075 1521
1521 1730
2391 2237
2237 1874
1470 2992
2992 3251
1946 63
63 964
2798 1321
1321 82
513 2053
513 1866
347 1584
1584 250
1245 2147
2147 260
1706 1538
1706 2959
614 523
523 3076
637 1285
1285 2973
272 2919
272 3084
2708 77
77 2023
2140 1008
2140 2560
1450 1472
1472 2084
8 2593
8 2695
1066 187
187 80
1101 2617
2617 952
3127 1375
3127 2208
2366 1486
1486 602
1858 1852
1852 627
1560 904
904 1173
37 673
673 1100
1820 248
248 2705
1662 652
652 3092
1900 3030
3030 1553
2166 1707
2166 678
1152 1063
1152 1323
13 1406
1406 528
3 2
3 133
3085 1490
3085 1413
1353 2494
2494 2449
377 2252
377 669
711 24
24 1190
3045 3212
3045 1594
651 2532
651 2701
2921 1196
2921 2194
2804 1739
2804 165
1701 2649
1701 305
274 321
274 2014
1268 850
1268 1664
2272 555
2272 1028
1642 1022
1642 1264
2221 857
857 1224
1195 3187
1195 3249
2368 2706
2368 1680
112 1861
112 1858
1731 2943
1731 3234
845 780
780 187
2673 1083
2673 464
3173 2418
3173 1545
899 721
899 633
3096 2800
3096 2338
3125 2370
2370 1584
722 1670
1670 1177
1024 108
1024 2149
1106 1461
1461 2875
1358 1623
1358 484
3169 3156
3156 3223
2752 519
2752 592
778 2451
778 2325
1051 1073
1051 115
2106 2882
2882 1524
2600 2833
2833 530
2866 1471
1471 2472
1419 1581
1419 409
1241 2125
2125 2514
1928 71
71 2532
2993 2255
2993 1408
1536 3053
3053 1217
1549 2554
2554 901
2283 437
437 1979
2854 1933
1933 1573
3205 529
529 1266
2729 2799
2729 2167
224 1393
1393 406
2859 265
2859 282
374 1903
374 10
3149 2523
3149 2223
1846 1798
1846 993
1194 2080
2080 2415
1823 1316
1316 1968
1548 2288
1548 659
2104 402
402 1897
1276 309
1276 2014
588 945
588 1058
16 1253
1253 1104
334 1834
1834 635
1334 1876
1876 206
2851 2581
2581 2649
849 3128
849 1531
2086 2690
2086 2205
2827 263
263 1929
1441 2730
1441 2200
1317 229
229 2860
1315 2697
2697 123
1849 1915
1915 2471
3253 865
865 2584
834 1302
834 2712
3049 3089
3049 1532
672 1780
1780 59
2169 532
532 3206
230 2789
230 3214
821 718
821 3137
699 1158
699 2516
2253 25
2253 457
970 2122
970 2810
325 54
325 799
1090 668
668 1849
1857 3148
3148 250
959 3079
3079 47
314 971
314 1306
2902 128
2902 711
1342 1088
1342 2847
3056 753
753 306
968 787
968 2205
2760 1925
2760 1184
695 1231
1231 447
1871 3130
3130 1329
88 1039
1039 3192
2842 2832
2832 2018
1663 586
1663 845
2578 3256
3256 1443
2944 2903
2944 1332
1768 273
1768 1767
2869 1201
1201 36
1033 3021
1033 2534
2922 2357
2922 244
1367 714
1367 2749
2565 1733
1733 3268
1207 1107
1207 288
900 261
261 557
552 1396
552 3087
929 1014
929 1753
2657 575
575 2881
2044 2306
2044 663
2688 921
921 691
937 1092
1092 1715
1385 2156
1385 2998
465 1879
465 287
2945 116
116 2882
2321 829
2321 1796
793 1167
793 1239
1878 2909
1878 893
3142 3024
3024 508
333 1091
1091 1488
1494 3230
1494 2300
364 163
364 1743
748 2880
748 1547
51 2035
2035 1871
2271 102
2271 1905
384 444
384 1351
1941 20
20 1411
1551 2267
1551 918
3202 885
3202 1079
215 3040
3040 1601
765 1348
765 1363
1261 803
1261 1689
923 466
466 2877
1864 2301
1864 563
1387 940
1387 450
2544 2011
2544 2986
2929 2333
2929 2892
2020 2160
2160 2628
1182 2731
2731 2342
1301 153
153 25
281 1272
1272 2816
2937 537
2937 290
1728 1665
1665 143
2377 2290
2290 1836
1816 1034
1034 1074
2089 346
346 1372
451 2162
451 1130
2033 2138
2138 2031
2362 1492
2362 2470
2315 84
84 2224
336 267
336 2236
1495 2828
2828 2885
2577 2207
2207 1005
2996 2173
2996 1959
2499 2790
2499 3047
247 2436
2436 2966
2036 2154
2154 147
241 2028
241 1520
493 19
493 1687
1364 295
1364 2846
1529 895
1529 3021
2497 1985
2497 418
1742 541
1742 2862
1314 2214
1314 2869
2602 235
235 655
2733 562
562 650
774 496
774 2610
1392 1138
1392 1168
207 806
207 2730
2797 50
50 821
2304 1821
1821 2991
154 1165
154 1928
33 625
625 3076
144 90
144 778
1805 3059
3059 1108
761 3232
3232 1213
628 2667
628 1097
2609 763
2609 1096
2006 853
853 1540
1129 1815
1129 2008
505 2085
505 197
1484 2259
1484 2839
1311 3151
3151 2519
2046 396
396 1598
1922 646
1922 1841
3098 772
3098 1117
571 3118
3118 699
2723 535
2723 2509
2603 2844
2603 142
1982 2406
1982 1319
3003 1577
1577 1071
877 736
877 2608
2019 640
2019 2384
2185 2636
2636 430
1783 2115
1783 2286
416 2094
2094 741
1209 1122
1122 1317
1899 2930
1899 985
1225 1917
1917 514
2242 2558
2242 3101
782 2823
2823 478
3259 2475
2475 906
1149 2535
1149 1942
712 2972
712 1708
2974 3062
3062 2897
2416 708
2416 215
1746 3244
3244 1395
1258 323
323 1866
2407 2796
2796 1425
1404 2181
2181 2758
1271 441
1271 2515
3239 1557
3239 1928
3007 611
611 1994
3094 2480
2480 1411
1473 3235
1473 49
983 2624
2624 635
2639 3051
2639 445
81 1162
81 2521
2363 1638
1638 1089
2874 2443
2874 2342
779 11
11 1893
278 1797
278 1400
744 2995
744 2834
1671 3102
1671 521
2360 429
2360 1135
1084 1635
1084 1139
1637 1999
1637 1866
2884 296
296 517
3016 1606
3016 945
2920 3132
2920 1354
2751 1913
2751 853
1587 1341
1587 1132
2663 1503
2663 3229
2404 2249
2404 24
2003 725
2003 3256
348 1992
348 1553
1060 1510
1060 1675
9 138
9 1529
1610 48
48 1691
2029 357
357 602
2331 1288
2331 29
837 2372
2372 2983
140 2831
140 662
619 1563
619 1817
2478 238
2478 1000
1629 3107
3107 1874
3038 1153
3038 2030
2469 2938
2938 1107
2291 318
2291 1958
593 617
617 2115
2956 1793
1793 1943
483 2623
483 1950
568 366
366 3104
1944 2555
2555 1125
747 94
94 2006
2039 2747
2039 647
2064 2341
2064 2259
2359 2133
2359 2559
1011 1566
1566 879
3057 3015
3015 362
1954 2743
2743 2890
1975 807
807 1878
2101 2212
2212 1158
2770 3237
3237 2545
756 1154
1154 1142
1432 1792
1432 2489
589 419
589 1053
771 715
771 2302
641 2569
2569 1463
228 1238
1238 1790
2582 1603
1603 1601
1330 798
1330 2668
1270 3036
3036 730
380 1713
1713 2665
2054 804
2054 1958
3146 2198
3146 1484
3191 3228
3191 116
2894 2644
2644 1906
2994 1281
2994 2608
2413 924
2413 1772
1646 1247
1646 3215
2425 2345
2345 3075
470 1219
470 2667
2350 989
2350 2882
2611 1080
1080 3225
1216 331
1216 3192
2675 2635
2635 774
3103 1754
1754 990
2985 2936
2936 1227
915 335
915 20
1607 1045
1607 2562
2645 1365
1365 1566
1766 471
471 2236
2529 1086
1086 2732
870 234
870 1393
2571 432
2571 1368
1003 558
1003 2893
2477 2308
2308 358
3012 3216
3216 1360
2467 208
2467 87
2356 1889
2356 2245
909 3065
909 2123
1927 461
1927 1842
2374 1467
1467 2904
1049 2456
2456 3234
3001 840
840 1680
1676 3112
1676 977
817 3004
817 1351
2318 903
903 2032
2281 1232
1232 1208
1289 2289
2289 377
1459 1156
1156 1671
660 1585
660 2067
1655 2526
1655 2813
1346 1716
1346 2724
1454 2116
1454 199
62 1995
1995 242
1787 2935
2935 1280
2462 3035
3035 3126
311 2146
311 672
15 1500
15 507
1660 2380
1660 3010
2759 1865
1865 824
1924 1
1924 260
2378 1674
2378 641
3070 3071
3071 2780
717 2195
2195 967
1359 2269
2269 380
954 975
975 1473
2941 3002
3002 2338
1350 1667
1350 3125
1023 2850
2850 1455
45 257
257 678
2323 1556
1556 1539
3099 2430
2430 3100
1784 1318
1784 2054
1555 2465
2465 586
1881 2900
2900 556
3147 2459
3147 1595
671 1956
1956 44
385 1851
1851 482
2454 1183
1183 1887
2396 1446
1446 367
2305 2178
2305 2673
3033 3238
3238 825
1650 1179
1650 3182
3031 152
152 1725
2285 1568
1568 2050
2541 1335
1335 189
2190 572
2190 429
2445 1076
1076 262
2576 2063
2063 1970
1113 114
114 1149
159 1415
1415 2134
1967 1862
1862 137
700 2848
700 1139
687 232
232 69
320 1604
320 1317
3091 209
209 2790
2683 2148
2683 2670
974 1187
1187 2302
1963 750
1963 2335
1677 166
166 2953
789 1112
789 3268
2184 1718
2184 466
1489 58
58 1638
1882 225
1882 2666
394 117
117 1381
294 1799
1799 2162
2536 716
716 1730
2048 2329
2329 2207
963 2999
963 1825
866 862
862 2441
1078 1480
1078 44
2062 1388
2062 1805
3154 1333
3154 1114
443 2010
443 2780
27 1611
1611 1409
1618 682
682 2723
1877 190
1877 170
786 1422
786 3030
2381 851
2381 2102
1729 3074
3074 1374
2243 5
5 1269
2573 356
2573 71
1582 2386
2386 134
151 171
151 658
2387 1292
1292 297
991 2818
991 2748
2588 38
38 2389
34 1795
1795 1114
3000 1845
1845 735
1916 2402
2402 1691
827 3177
827 1526
1807 66
1807 1976
2096 1693
1693 305
2117 1811
2117 2653
583 26
583 1906
2510 2421
2510 1593
2438 2027
2027 882
35 3195
35 1199
1235 1515
1235 2391
60 777
777 1267
599 1009
1009 1603
2824 1517
1517 2377
1233 98
1233 2834
387 2700
2700 1998
3044 2814
2814 2673
1223 2504
2504 2549
57 3231
3231 915
139 2557
139 2656
1625 1133
1133 1331
527 2801
2801 2459
2762 760
2762 911
792 411
792 704
986 72
72 1402
1282 2186
1282 662
1738 1371
1738 1122
253 3072
253 2578
2923 236
236 690
2696 2002
2002 169
2455 2717
2717 2498
1124 3170
3170 2674
2891 2852
2852 1093
1758 1256
1256 3241
298 1748
298 3100
1651 3267
3267 2097
175 3160
175 2063
2619 2446
2619 3070
880 1535
880 1747
371 1885
371 1399
2493 2803
2803 2517
2025 1987
1987 11
582 584
584 2860
271 2887
271 355
213 2206
213 1766
2287 3121
2287 1107
598 1649
1649 3217
1481 2647
2647 279
2422 223
223 1765
1719 431
1719 1221
1141 1658
1658 2528
1955 1580
1955 898
2452 1656
1656 2117
2740 1633
2740 3206
3136 2109
3136 2451
1151 2239
2239 354
976 726
726 1370
1230 694
1230 382
794 2024
2024 154
1735 2352
1735 956
2794 871
2794 2236
559 1832
1832 3112
2355 1186
1186 2455
227 3073
227 887
3077 864
864 2467
1163 2343
1163 2548
2461 1873
2461 1072
2507 1340
1340 1659
675 1588
675 1110
878 3135
878 868
1307 889
889 2586
2597 739
2597 1308
1121 453
453 115
916 2721
916 638
732 3110
732 1793
2045 1636
2045 412
3055 2107
3055 1144
729 524
524 3069
1119 1512
1512 80
2543 378
2543 2027
2268 2065
2065 517
463 1869
463 2433
518 1004
518 7
3246 631
631 2626
2090 1275
1275 1465
2616 1017
1017 2895
1020 2820
1020 656
2403 1808
2403 2160
1564 1614
1614 138
551 1254
551 665
2968 3172
3172 2636
2082 1352
1352 730
1931 876
1931 588
1734 413
413 1722
1686 1069
1686 2011
2399 1401
2399 2726
2457 1414
2457 2166
1653 1250
1653 2943
1829 746
1829 1848
1170 73
73 3165
405 1781
1781 1257
220 727
727 952
1703 302
302 1687
1265 2141
1265 858
2369 111
111 2437
2246 818
818 1035
2512 1640
2512 2588
1863 2078
2078 1515
1541 1621
1541 116
2917 576
2917 2845
3114 338
3114 2846
1159 797
1159 951
1804 268
1804 1170
890 2518
2518 1412
2864 688
2864 1824
2942 3106
2942 2880
1552 620
1552 3204
328 1466
1466 1941
2662 1880
1880 1155
2150 1442
1442 916
381 423
423 2753
2951 1726
1726 1453
2873 2307
2873 166
3081 1007
1007 3122
2538 2211
2538 2911
2264 2373
2373 1174
2339 1304
2339 43
2376 467
467 516
630 1867
630 147
577 3129
3129 1912
1840 553
553 2299
998 3197
3197 797
2553 400
2553 3215
2969 1327
2969 880
2787 256
2787 1265
2038 350
2038 1031
2414 2128
2414 1927
2320 1366
1366 2011
1496 1508
1496 193
2620 1694
1694 1852
1901 2501
1901 651
155 1147
1147 2526
