4624 2312
1160 441
3924 4083
3924 441
1040 3186
3186 3924
3481 4163
3481 1040
2290 1792
1792 1040
4042 129
129 4083
3440 2306
2306 4163
1163 4489
4489 4163
3079 2021
2021 1040
4015 4343
4015 3079
177 418
177 4489
4109 2843
4109 2290
3845 352
352 2290
1535 1112
1112 3186
1230 2476
2476 3845
823 423
423 418
1074 2529
1074 3481
1963 2535
2535 823
3605 901
3605 4163
4624 682
4624 441
1942 3176
3176 4015
2890 2575
2575 3605
1521 1405
1521 3440
347 2931
2931 4042
3602 3040
3040 4015
4396 4058
4396 4015
2973 2442
2973 2476
1349 4329
4329 2931
3476 1991
1991 4083
2330 4284
4284 4163
4265 2460
4265 2890
3772 4312
4312 1963
960 2225
960 4015
4500 2405
4500 1792
578 2085
2085 4015
800 434
800 578
176 2271
176 1230
486 30
486 3040
4279 4005
4005 2460
631 2084
2084 2021
3088 2654
3088 631
1987 2772
1987 2085
4599 858
858 960
4561 4547
4547 1942
584 1260
584 4561
2516 935
2516 1074
2991 4414
2991 1405
4529 944
944 4561
4385 1221
1221 3079
1266 2960
2960 4343
602 1454
602 2306
4316 3347
3347 2535
1319 4511
1319 1260
4056 2506
2506 3476
76 490
76 2535
329 3028
3028 2843
1146 1710
1710 3088
3714 4046
3714 4599
4391 2680
2680 434
4254 3824
3824 2516
1250 3226
3226 1160
4504 4569
4569 3226
4237 760
760 2476
2637 2789
2637 1266
4612 2229
4612 2290
839 2316
839 352
837 3041
3041 2330
3958 640
3958 4109
673 2048
2048 2960
531 1154
1154 682
3379 2707
3379 935
2194 4614
2194 4385
4386 1549
4386 1074
4451 210
210 2789
3965 3449
3965 760
3385 2479
2479 1792
1986 297
297 4569
1713 112
1713 1710
4131 1555
1555 3714
2512 3424
3424 3079
318 3392
3392 1963
2985 3612
3612 2843
4293 3160
4293 4316
4125 1532
1532 2316
4582 975
975 2290
1374 3919
3919 30
3780 2454
3780 4312
3437 1159
3437 1374
2758 2607
2607 1349
2404 931
931 1713
233 1530
233 3186
1855 709
1855 3385
536 1439
536 3041
1956 3986
3986 1159
3916 830
3916 4083
2105 4567
2105 2460
907 1560
907 2085
2759 2661
2661 3845
2144 731
731 2454
487 3193
3193 1154
3089 4338
4338 1956
2974 3787
2974 112
3678 3996
3996 2843
255 574
574 2991
3110 4565
3110 975
2050 4138
4138 4612
1114 3207
3207 2973
4450 2023
2023 2330
593 1715
1715 3424
2337 4051
2337 2442
2913 264
2913 3176
122 1246
122 1230
2881 1208
1208 4284
3888 4004
4004 2454
4597 627
4597 1349
3585 3035
3035 2789
3599 4594
4594 1159
2487 2307
2307 4343
2766 134
2766 2607
2041 915
2041 1560
1359 2727
2727 1266
3591 3381
3591 4015
4495 304
304 2985
3029 2431
3029 1208
4536 3779
4536 4511
1508 1727
1508 4163
3389 2865
2865 4582
2327 719
719 3714
1533 2071
1533 486
1614 4556
1614 1535
2840 46
46 4567
3927 2743
3927 2991
3852 414
414 960
1367 1316
1316 1532
4074 4302
4302 210
2241 3030
2241 631
2303 1331
2303 1374
4280 2317
2317 4556
4432 1189
4432 129
2074 2162
2074 3186
1788 1642
1788 4083
2948 2784
2948 2194
1207 1828
1828 3678
1157 31
1157 2772
152 4308
4308 1727
1353 966
1353 4293
2188 4160
4160 3029
3922 2937
2937 233
2008 323
2008 4074
2775 4442
2775 2188
118 497
497 2327
289 4001
4001 3919
43 3649
3649 4125
1655 4233
4233 966
4517 3913
3913 3986
1678 2275
2275 4556
819 2449
2449 1230
3707 1876
1876 2772
998 3765
998 1074
1098 243
243 975
4581 906
906 2074
4317 1027
4317 255
3858 365
365 1533
699 4050
4050 318
2983 3101
2983 3449
3499 3167
3167 4529
1785 3032
3032 4254
277 3355
3355 2021
2101 187
187 1710
4336 850
4336 4125
817 662
817 2654
1281 572
1281 4254
1240 135
135 329
1448 3057
1448 4050
1930 4604
4604 3888
1066 458
458 31
1502 55
1502 1353
2785 69
69 3599
2293 2302
2302 497
4299 399
399 1157
1520 2237
2237 1792
3676 2824
2824 3392
1952 4247
4247 4343
4174 2394
2394 134
1994 3382
1994 4015
2111 2946
2946 255
4093 3432
4093 3824
461 1964
1964 2449
2022 2655
2022 640
1223 549
549 699
1966 573
1966 3440
2201 477
477 4131
2477 2559
2559 4582
4303 2965
4303 399
3068 3970
3068 960
1224 2545
1224 2330
1470 3405
3405 3382
1869 2321
2321 55
1190 3236
1190 3176
113 4318
4318 2442
2015 308
308 2758
48 1253
1253 3176
2130 2923
2130 4567
2533 3124
3124 2431
2920 508
508 1502
1053 2832
1053 3385
1922 448
448 1027
310 2424
2424 4386
4453 3118
3118 2607
1141 2073
1141 901
3139 3345
3139 3347
3979 689
689 2111
924 3692
3692 365
550 4410
550 418
381 4006
381 3057
3056 273
3056 2766
3354 342
342 2840
3989 2868
2868 2843
2368 3242
2368 2041
3805 2717
2717 1074
3173 353
3173 1991
145 4185
145 3226
1519 101
1519 4343
181 2820
181 233
787 4157
787 2661
2598 866
866 243
2257 516
516 2920
4400 3339
4400 342
2082 517
517 573
2860 1716
1716 1207
3505 419
419 1246
995 1216
1216 1942
4507 1113
4507 3481
1038 214
214 3780
4290 99
4290 2023
2708 3657
2708 2477
1885 739
739 1715
2904 3050
3050 1405
2192 762
762 3440
695 1593
695 2607
4501 1996
4501 3339
3551 4374
3551 4385
3441 3875
3875 2082
3658 3541
3658 3824
2878 2486
2486 4386
2434 1602
1602 1533
3240 538
3240 915
2124 416
416 2194
2748 1630
2748 1163
280 2470
2470 1869
1783 4176
4176 3110
3798 1393
1393 907
3366 852
852 2890
1111 1327
1111 1224
700 1725
1725 2237
625 3479
625 4163
2715 436
436 2188
4474 846
846 3924
566 1674
1674 4284
3259 3097
3259 3585
370 3501
370 176
3273 1548
1548 3449
626 534
534 907
140 3318
3318 4329
284 2624
284 4556
2745 4388
4388 3692
2687 4151
2687 574
2542 3645
2542 2307
876 2576
876 280
1218 1006
1218 297
3348 2508
2508 2321
3142 4029
3142 901
4255 1272
1272 4597
3628 3219
3219 4093
3627 2489
2489 2302
643 3059
3059 1316
295 1435
295 2832
3644 4250
3644 2307
3123 2799
2799 2508
1733 4035
1733 4157
1192 2345
2345 2931
2343 2940
2940 2545
326 1358
1358 662
1707 3254
1707 2832
2157 2807
2157 2487
283 3215
283 3207
3660 3548
3548 3922
4404 947
947 1783
2567 1065
1065 3032
2026 3487
2026 837
1913 256
1913 3437
3842 1825
3842 2405
1116 575
575 3989
2760 3639
2760 1602
3659 162
3659 1074
3285 4142
4142 2567
768 2900
2900 2008
734 3926
734 3965
528 3275
3275 4396
2696 4196
2696 55
1325 4514
4514 4500
58 4445
4445 4567
4232 1746
4232 1535
2118 3463
2118 4015
2742 362
362 1942
1143 491
491 1208
4571 3671
3671 4006
1185 1644
1185 3285
4139 3086
3086 3440
4479 954
4479 264
4467 1731
1731 4410
2767 2323
2767 3392
2484 4178
4178 2545
3099 1392
3099 2512
4447 3531
4447 2767
2898 2139
2139 2516
2499 2528
2528 1448
2909 4068
2909 3657
1757 3465
1757 2535
2326 811
2326 3424
1575 1346
1346 2460
3177 1637
1637 1930
2492 2132
2492 4142
364 1181
364 134
3519 3739
3519 1027
1193 2681
2681 342
965 3617
965 4058
471 2777
471 46
2980 2888
2888 2316
3866 37
3866 4232
724 1772
724 1731
1813 2605
2605 2082
3293 3166
3293 3040
1090 4305
1090 3481
2140 529
529 304
1148 1980
1148 2745
606 2000
606 1114
1975 287
1975 4556
1594 2826
2826 295
3150 2595
3150 2931
2145 1509
1509 3432
4538 1775
4538 4125
703 2636
2636 606
838 3607
3607 1181
2350 299
299 4561
1982 241
1982 2888
1847 4457
4457 3259
1495 311
1495 907
420 3743
420 1560
1286 3138
3138 2144
4313 1934
1934 709
2386 102
102 2637
3898 2892
3898 4093
3720 2648
2648 4457
4101 522
4101 998
4371 3367
3367 819
2638 4533
4533 2257
1924 1740
1924 3739
1452 4572
1452 2194
2020 613
613 2948
4575 2107
2107 1964
3847 4550
3847 3996
1259 2240
2240 3847
1039 2287
1039 2766
257 555
257 2881
2740 3453
2740 2139
4346 955
4346 3714
4454 350
4454 2973
3568 756
756 4624
2260 3962
2260 2275
3796 3010
3010 4374
254 1012
1012 1359
2813 1499
2813 3842
1728 4044
1728 2118
3509 1226
1226 4565
3448 1616
1616 3056
2866 2749
2749 3465
1233 3156
3156 3193
2027 3165
2027 4414
3503 2234
2234 3913
382 2166
382 4312
1326 3608
1326 756
2138 827
2138 1141
53 2788
2788 1548
2136 963
963 1392
3191 4488
3191 243
2158 3830
2158 700
1390 3848
1390 3605
1654 3604
3604 1757
3330 2561
2561 1439
710 3963
3963 3519
2651 3036
2651 3449
4143 770
770 436
4423 3062
4423 4293
3014 4289
3014 3919
3457 1851
3457 593
3873 2122
3873 830
3533 2858
3533 4250
4553 4496
4496 2405
2334 3289
3289 2317
4017 57
57 441
2412 2483
2483 1326
2238 4339
4339 257
3667 4
4 3165
4245 1323
4245 4289
3078 3808
3808 3097
1760 2295
2295 176
86 1920
86 3389
3759 3161
3161 3138
744 3752
3752 2158
4100 2226
4100 2840
708 3417
3417 613
4368 982
4368 3441
2170 4025
4025 1602
611 1554
611 1346
2197 2979
2979 1146
1345 200
200 2499
4403 3750
4403 2479
4038 2801
2801 4044
4344 740
740 3177
401 1836
1836 3453
3394 4120
4120 1502
3326 2700
2700 2225
4153 2348
2348 3989
2625 4309
4309 1266
3827 3879
3827 3927
4430 1388
4430 2287
3021 73
73 4005
1162 2010
1162 1353
3869 3282
3869 441
4520 3812
3812 4567
1919 4315
1919 3996
2497 3736
3736 839
1055 4426
1055 2170
2647 1337
2647 1792
2914 3821
2914 1090
2475 3294
2475 2492
3315 3112
3315 176
4389 4473
4389 2234
3993 3238
3993 1148
1466 4082
1466 4507
2781 1350
2781 1223
282 3553
3553 1963
3802 3987
3802 2302
789 2513
789 2624
1702 1978
1702 2598
1696 1443
1696 4396
2879 3071
3071 719
4332 1121
4332 522
2719 4275
2719 3830
388 2373
388 3922
1583 2103
1583 2470
2363 745
745 1560
2142 2488
2488 3970
2723 1041
2723 3056
990 3459
3459 1922
4115 2556
4115 1112
2787 989
989 4178
1094 3314
1094 350
1366 166
1366 4068
2695 3456
2695 3541
3757 250
250 4614
2557 2503
2503 2759
2539 3737
3737 4245
1935 3358
1935 2760
4407 468
468 3071
330 3027
3027 4496
1933 2511
1933 4044
161 2068
2068 1963
2346 4503
4503 2708
4395 3570
3570 2373
2169 3985
3985 2948
1333 348
348 626
564 1969
564 1286
1020 3861
3861 4185
4171 413
4171 3924
4383 97
4383 2991
4169 4323
4169 703
2741 1206
2741 4025
2956 1896
1896 3879
2977 3778
3778 2576
1955 2880
1955 2307
1605 3537
3537 2350
3452 559
3452 3032
462 4440
462 458
367 4066
4066 3173
1198 2311
2311 2513
1180 3489
3489 2484
3904 3951
3951 2824
1177 3580
1177 1715
1755 3117
1755 2727
4236 2407
2407 2965
2530 3991
2530 2760
1613 3213
3213 2985
3278 51
51 3392
1022 1101
1101 2824
3462 4259
4259 1508
2305 1422
2305 4237
2210 2402
2210 1746
2403 3239
3239 566
4499 1080
1080 3289
1769 1884
1769 3951
2793 4551
2793 4316
2251 3500
2251 420
2222 1694
2222 787
3990 2800
3990 3986
3175 3140
3175 954
1268 608
608 1728
3208 2536
2536 2788
2263 532
532 1160
903 4253
903 273
1486 3174
1486 4599
2179 4133
2179 2442
1598 3109
3109 3166
3343 2054
3343 2892
3276 3256
3276 101
3794 3925
3925 4074
4497 797
797 1466
2153 1833
1833 4093
1364 4319
4319 611
1559 3967
1559 4396
3650 4518
4518 1323
476 2731
476 4196
3291 2525
3291 140
2976 1660
1660 4551
4146 3327
4146 310
1625 2186
1625 3056
2967 2617
2967 2707
4032 141
141 1710
3095 3297
3095 924
556 2744
2744 2965
2713 1914
2713 528
661 3679
661 4346
1008 2711
2711 990
1881 2848
1881 3479
1965 398
398 4344
1589 3575
3575 4250
4137 3498
4137 3086
2918 3776
2918 3330
1777 2720
2720 3176
3717 1993
3717 3095
1485 1831
1485 1080
369 3960
369 3985
1992 2152
2152 3030
2586 3031
3031 1325
2294 2151
2294 4329
3203 4189
3203 1674
1954 4541
1954 1560
557 3616
3616 3088
199 1843
199 529
737 1566
737 3990
1069 972
972 3780
3063 2058
3063 2749
2066 4361
2066 1980
728 941
941 4495
4337 777
4337 2157
1188 79
1188 2139
3895 3051
3051 3779
2988 3007
2988 572
3209 1149
3209 3659
3724 4010
3724 3063
1697 4570
1697 2832
407 761
761 2801
332 3656
3656 381
2659 3547
3547 689
3474 1289
1289 161
3353 4584
3353 3256
3485 2384
2384 486
2281 4377
4377 3812
1923 259
259 4517
3246 1138
1138 3432
2230 3266
2230 4153
3104 616
616 3282
849 3550
849 731
2355 603
603 975
4461 2076
4461 2931
3227 1295
1295 2759
4152 1932
1932 4550
3614 546
3614 4391
4248 707
4248 3913
1321 1313
1313 3919
637 3973
3973 1980
1202 1799
1202 2980
2671 4124
2671 1993
3269 4340
3269 2234
2268 1606
2268 3050
3157 2915
3157 1454
18 1950
18 4133
1150 2176
1150 4507
3592 4397
4397 3888
1829 2982
2982 4612
4204 1608
4204 1454
3854 1680
3854 3432
1161 1735
1161 2234
16 1827
1827 3481
1343 512
512 2985
2209 1278
2209 58
2099 2443
2443 2234
4285 959
4285 3029
2750 3308
3308 2118
2780 3673
3673 1777
4552 3910
4552 512
4277 2834
4277 608
4199 3928
3928 3276
1972 619
1972 710
4090 1846
4090 4346
2963 1043
2963 413
1631 636
636 3481
3995 3220
3220 2946
2869 32
2869 4450
2421 3307
2421 2506
2095 1355
1355 2512
721 4464
721 838
897 790
897 2979
1298 812
1298 490
4549 1176
1176 1982
4347 2911
4347 177
1091 4345
1091 2424
4619 4134
4134 4346
2867 2966
2867 4044
374 4527
4527 2082
4478 3790
3790 4575
3114 274
3114 3167
1927 1191
1191 4396
3559 983
3559 839
237 2859
2859 4005
3818 3204
3204 2880
962 580
962 3142
3222 1144
3222 2700
1026 292
292 4312
1261 3085
1261 4520
484 2474
2474 4541
158 1939
1939 1181
3882 3025
3025 1435
677 2897
2897 2499
3942 600
3942 770
2541 3400
2541 817
12 4306
4306 4517
339 753
753 611
1615 2984
1615 611
4314 2093
2093 1289
2816 4560
2816 4474
1239 2803
1239 2607
920 3419
3419 1327
2496 3170
2496 960
3493 447
447 2991
895 3304
895 3925
3512 3730
3512 4541
1421 2485
1421 2209
2016 2855
2016 3553
3093 632
3093 1027
1153 4485
1153 4185
1905 2359
2359 557
2703 3846
2703 4133
3159 3018
3159 1733
4222 582
4222 4388
4481 2943
4481 708
2314 675
2314 1954
3829 1786
3829 3051
2891 84
2891 740
272 244
272 3259
4433 2851
4433 2136
368 518
368 4552
1581 1818
1818 3973
1852 2755
2755 3030
1826 4369
1826 2813
1862 4390
4390 46
3286 151
3286 1828
2925 3941
2925 287
1449 2812
1449 3796
4220 3596
3596 982
4227 2036
4227 1833
132 2380
2380 4503
1406 621
1406 972
1003 4203
4203 4541
1823 2853
2853 369
38 1428
38 1939
3470 649
649 4171
2131 3885
3885 1207
4292 3535
3535 2138
1940 2235
1940 2210
2815 3578
2815 348
1759 3964
1759 573
1408 2249
2249 2967
1255 3626
3626 3238
1484 2697
2697 3667
4417 2670
2670 4495
4411 4069
4069 574
4219 4421
4421 2815
1235 4049
4049 3068
2666 4181
2666 3553
4363 2214
4363 1113
2472 4557
2472 2931
1910 2729
2729 1932
2912 4119
4119 777
1127 385
385 2909
747 183
747 181
1640 4161
4161 3533
558 2362
2362 2913
1058 4149
1058 241
4568 2102
4568 734
794 3076
794 468
1870 3312
3312 817
2649 1182
2649 3259
3906 2381
3906 4552
3525 1404
3525 1707
3309 457
457 398
3937 1290
3937 2068
409 1356
409 97
693 363
363 2648
1673 647
1673 2169
2379 3971
3971 4093
4223 2233
2233 4125
2135 249
249 1757
3850 1779
3850 4323
2125 2070
2125 2980
548 3819
3819 2373
635 659
659 1041
3211 3706
3706 419
1285 1205
1285 299
2945 417
2945 4391
3662 2094
3662 2897
961 3180
3180 2741
985 3672
3672 2743
209 2273
209 1290
4325 628
4325 3057
3164 3418
3164 659
3490 2149
3490 2979
4593 1513
1513 2210
804 2440
2440 283
2358 1049
1049 1327
3396 1592
3396 3314
718 1312
718 3222
716 2844
2844 3533
1251 679
679 73
128 4406
4406 4017
3111 3606
3606 2136
4155 383
4155 1485
735 3443
735 2789
1386 2299
1386 661
1453 4287
1453 1939
1692 455
455 1707
3524 4444
4444 2695
1891 3593
3593 963
3909 4271
3909 3995
1622 137
1622 1281
3893 1867
3893 2984
1572 3774
3774 4504
1912 232
1912 1702
3788 2451
3788 2434
2823 3243
3243 1141
82 2147
2147 1312
4218 3686
3686 2334
853 63
63 2099
3643 706
706 1566
2141 2753
2141 3150
4030 4231
4231 1039
597 704
704 2260
3630 3073
3073 2105
1274 4110
4110 2460
195 4412
195 1177
33 2012
2012 4614
2078 568
568 625
4084 999
4084 1912
664 2246
2246 2489
3754 4023
4023 214
4381 2163
2163 4527
1677 3442
3442 284
688 1864
688 1153
2935 1714
1714 2513
3589 2420
3589 2260
2560 527
527 244
2874 4235
4235 257
1579 164
164 2263
306 3190
306 4414
3655 4525
4525 2487
3955 3994
3994 4137
4459 3034
3034 2135
4167 2253
2253 3656
2652 948
948 3297
3709 581
3709 3821
3201 2390
2390 1637
3844 749
3844 2703
1382 4241
4241 2405
1336 4085
1336 3730
3959 3184
3184 4604
1990 2439
1990 3754
1709 2632
2632 233
3735 3260
3735 1405
2566 2030
2566 1149
3820 488
488 1746
2313 4260
2313 289
2365 2060
2060 4196
3682 825
825 2237
644 4297
4297 3109
1552 2049
2049 2317
4535 2601
4535 3040
2482 1536
1536 3845
3840 3221
3840 3156
1850 818
1850 3203
3428 539
3428 744
1496 4182
1496 2020
2515 1729
1729 370
3311 4380
4380 1374
492 992
492 4461
3277 4555
3277 97
3695 2805
3695 3165
3634 3777
3777 4314
391 1284
1284 4504
3003 4045
3003 3962
3741 845
845 550
2568 2962
2568 491
1411 4221
4221 447
2587 3445
2587 4453
2786 240
240 3180
14 3244
3244 1982
2261 3753
3753 2753
22 4611
4611 4083
1944 4357
1944 2404
3929 2014
3929 845
1695 2502
2502 4015
504 2112
504 4584
1808 1838
1808 2815
1155 713
1155 151
1973 217
217 69
577 2207
577 2068
2342 1031
2342 3063
3105 4463
4463 1298
3491 742
742 490
4272 3663
3663 4478
427 1915
427 2812
1601 2588
2588 1116
3685 2051
2051 2125
3402 1033
1033 1374
2692 642
642 1390
1621 3187
1621 1994
3178 1307
1307 1740
3892 594
594 762
2854 2730
2854 534
1402 4416
1402 3062
3414 2828
2828 4042
1675 2091
1675 2076
2061 776
2061 1439
291 3523
291 4222
4140 746
746 2708
3403 864
864 3221
3923 1047
1047 69
3728 4335
4335 3765
3284 2589
2589 2545
4274 393
393 134
2137 2255
2137 2359
3632 3388
3388 1870
2580 50
2580 1914
916 867
916 1325
1475 1663
1475 850
1423 2829
1423 1160
554 4617
4617 640
946 2278
2278 4335
4162 4472
4472 4619
2129 4465
2129 4604
3017 2735
3017 3709
2751 4370
2751 2735
3532 1506
1506 3417
3155 345
345 4421
2266 927
927 4303
2005 1130
2005 963
1265 2433
2433 3308
1872 4187
1872 3312
1607 2895
2895 2209
2579 2961
2579 4329
980 865
980 2960
2211 1558
1558 2049
977 2370
2370 2828
27 4192
27 2211
2975 2633
2633 1692
1438 1131
1438 2403
4431 2501
4431 1428
3248 1084
1084 3236
4498 2371
2371 132
2928 3988
2928 76
1434 881
881 347
579 4435
579 3489
4076 392
4076 2162
1283 234
234 3686
1938 1052
1938 4520
3832 3738
3832 2598
2191 3705
3705 2222
4358 1953
4358 3951
1628 4064
4064 2345
1988 1361
1988 4343
4428 2344
4428 2711
2592 2783
2592 3289
29 3279
29 1286
1832 4036
4036 3929
3153 4213
4213 1728
883 1427
883 1355
2457 1866
1866 644
888 651
888 3657
3886 3863
3886 1130
1328 618
618 2559
191 463
463 339
94 4484
4484 2976
498 467
498 2402
138 2701
138 3367
2705 3701
3701 2788
620 3670
620 749
3903 1123
1123 3971
1596 2684
2684 3904
2057 2645
2057 4303
98 1211
1211 4403
4590 2873
4590 4133
3947 3651
3947 3101
3768 722
3768 1922
3313 222
3313 740
1574 2001
1574 101
3292 4077
4077 3768
3549 793
793 3254
446 1002
1002 558
2885 831
831 3339
3316 228
3316 1755
3427 3067
3067 3670
698 2839
2839 94
4460 1501
4460 2651
2004 2955
2955 959
1590 2185
1590 4051
3636 2934
3636 2105
3540 4286
3540 3739
2493 4249
2493 2255
3469 2495
3469 2251
1931 3216
3216 1328
2097 1110
2097 1326
3561 4009
3561 2503
485 3373
485 1131
3565 3948
3948 1408
1724 3013
3013 1598
3610 207
207 2201
169 1287
1287 2744
4087 495
495 4220
1511 3637
1511 659
1280 778
778 1980
1970 1081
1970 3327
1639 1943
1943 1008
2190 1301
2190 2402
1335 2938
2938 941
3280 390
3280 1549
3555 3936
3936 3605
3234 769
769 4400
499 2926
2926 1041
2417 3814
2417 4396
4341 1493
4341 2760
2034 4534
2034 12
91 4075
91 4187
358 3261
358 3326
1849 4443
4443 2749
144 3669
144 3256
835 1830
1830 682
4605 1170
4605 2238
74 1381
1381 647
3683 3247
3683 499
324 3839
324 455
3809 3185
3185 3028
2414 2646
2414 3919
4577 3587
3587 1443
981 2577
981 3630
507 2754
2754 4527
4276 3043
3043 3705
4521 2377
4521 2112
4366 1279
1279 3068
479 4136
479 577
2910 968
968 51
3664 1315
3664 1224
4048 142
4048 217
3046 3265
3046 4495
92 2332
92 4038
886 4258
886 1146
1241 3771
1241 1715
3411 1656
1656 3448
1151 2642
1151 112
3404 429
3404 199
926 2160
926 1374
3477 2818
3477 728
117 1385
1385 2793
2164 1567
1567 3589
3661 3100
3100 2477
1999 953
1999 2454
1739 116
1739 3798
4574 184
4574 2766
3992 1254
1254 2588
1682 3747
1682 621
909 1373
1373 749
694 3494
694 4312
3957 2936
3957 222
1318 4601
1318 4149
2406 203
2406 1866
1871 127
1871 3636
78 437
437 3402
1524 218
218 3670
2504 2119
2119 1268
3055 1477
1477 2012
1816 4398
4398 4289
2944 2907
2907 1390
1897 3171
1897 1239
439 1488
439 3405
4261 945
945 4555
1802 4602
4602 2488
1904 4558
1904 2275
1756 4228
1756 3936
3272 3228
3272 2832
3022 39
3022 3882
4513 2283
4513 101
2328 2538
2538 365
3795 1550
1550 418
1564 3696
1564 3570
4281 1273
4281 152
4197 3258
4197 2125
245 1061
245 2885
3331 1372
3331 439
2616 604
2616 417
692 2811
692 2744
3045 3719
3719 4140
3413 3507
3507 804
227 4212
227 3663
1977 3849
1977 3790
4616 3825
3825 3750
1651 2178
2178 3452
1623 4530
4530 1319
1104 3305
3305 4050
1580 4054
4054 3318
4256 2396
4256 4265
2464 2558
2558 703
7 1998
7 2493
4070 2411
2411 3505
4270 1929
4270 4617
2791 3335
3335 2311
3806 107
107 4249
180 680
680 3045
653 4114
653 550
3264 3588
3588 1978
2574 543
2574 3739
905 327
905 423
3855 389
389 1725
1371 506
1371 2068
2771 2850
2850 1470
452 3116
3116 1154
3511 1699
1699 1066
4013 3785
3785 2022
2047 2239
2239 2696
2221 2999
2999 4064
1271 2469
2469 2278
4490 36
36 1439
841 4111
841 2008
2426 2614
2426 3948
4105 2174
4105 983
4342 2282
4342 1572
4224 3351
3351 36
1610 1399
1610 2805
3094 3745
3094 3243
4095 1584
1584 3445
3231 2465
2465 2472
2199 3107
3107 3469
1657 26
26 3404
2901 3943
2901 3327
2544 1075
2544 4395
3710 2081
2081 2036
3409 585
3409 2940
766 1534
1534 76
3077 859
859 4076
4573 2308
2308 3809
1378 3984
3984 536
114 333
114 3671
1873 1341
1341 2587
3558 3894
3894 2727
2957 2930
2930 3238
165 4202
165 117
3192 3633
3192 1832
4364 2871
2871 233
4425 3874
4425 488
2269 863
863 3592
3684 3466
3466 4070
372 1638
1638 3220
3450 891
891 463
4159 1225
1225 1327
3581 4458
4458 4069
3878 2597
2597 4248
2581 991
991 53
4092 4554
4554 3710
3000 4482
3000 529
1556 275
275 2812
3478 861
3478 2934
2795 4429
2795 536
1304 2369
2369 2307
4296 1062
4296 4280
936 2422
936 2575
2322 1234
1234 3228
2481 2709
2481 632
2572 3564
2572 3596
3147 3103
3103 2982
2584 1635
2584 2260
435 2532
435 2944
2309 149
149 1554
3865 1662
3865 2670
1088 656
1088 392
1795 1791
1795 1224
3520 3834
3520 3043
124 2242
2242 1509
2917 4238
2917 3960
263 1737
263 675
862 3680
862 1027
422 885
422 703
2297 3740
3740 3305
1418 87
87 419
2383 524
524 490
24 4215
24 2926
1282 1383
1282 1127
910 1412
910 4601
1057 1671
1057 4374
4104 913
913 866
1229 1801
1801 3479
1498 3716
3716 740
3831 133
3831 1739
344 2571
344 1502
2436 1632
2436 913
1928 4592
4592 27
68 3333
68 151
2236 2630
2630 4281
3398 4128
3398 3097
829 4508
829 3658
4061 3257
3257 3073
3872 3590
3590 4404
1073 3458
1073 2371
2063 1100
1100 2164
912 3603
3603 618
192 4141
4141 3118
684 225
225 3161
319 3731
3731 579
2347 3698
2347 3875
3162 3890
3890 3394
2459 3151
2459 710
1547 2204
1547 191
1017 4168
1017 4181
3033 1997
1997 532
3715 1297
1297 3059
2905 4321
4321 1920
1416 2351
2351 3893
3362 2683
2683 4074
480 3826
3826 745
2500 1384
1384 3503
212 4491
4491 4228
266 4531
266 2684
220 1617
220 2579
2563 591
2563 4189
1463 911
1463 1869
1543 4512
1543 812
4144 1945
1945 1074
1196 3864
3864 554
3016 1916
1916 439
1774 235
235 1470
892 996
996 1406
3950 741
3950 3315
1310 1001
1310 1579
3467 3119
3467 4
4057 3534
4057 2584
1347 1732
1732 63
2519 2856
2856 3339
3536 355
355 959
4384 3914
3914 3685
4121 2757
4121 2477
378 3060
3060 217
3357 1420
1420 2268
1462 2052
2052 913
2986 4515
4515 4051
806 42
806 2854
1794 2419
2419 485
2150 3387
2150 2049
3168 2610
3168 4533
2746 1446
1446 838
1817 3386
3386 2614
2320 3230
2320 4189
464 2667
2667 1608
3675 3889
3889 1602
3322 1354
3322 2294
1125 2374
2374 585
106 2509
106 1313
1036 2569
1036 800
2033 1483
2033 3185
2924 2110
2110 46
4399 678
4399 2513
3163 4060
3163 1272
3136 1145
1145 1047
842 4505
4505 1520
2618 2526
2526 2826
208 2055
2055 1710
3763 2919
3763 3927
1569 1989
1989 2268
875 2181
875 2422
1879 633
1879 1143
1971 4359
4359 3147
2056 3024
2056 524
952 1809
952 2041
1379 1789
1379 1265
1140 4583
1140 57
1059 4000
1059 4035
3851 1480
3851 2493
1317 64
1317 68
4266 3912
3912 2253
2718 2092
2092 2036
1201 3364
3364 823
2847 2825
2825 4364
3225 2893
3225 3948
1197 4382
1197 1246
970 857
857 2560
1129 2621
1129 2632
2797 1237
2797 2873
3430 4123
4123 3985
757 2916
2916 3027
3092 1067
3092 3266
3179 799
799 3000
2277 2435
2435 76
2668 2629
2668 4109
899 525
899 1496
211 3823
3823 2370
1751 2518
2518 3242
2059 386
386 3381
976 171
171 3254
2165 80
80 3236
4598 4452
4452 2237
3762 2133
3762 905
3472 691
691 2879
2086 400
400 839
3966 1120
3966 2076
1537 2003
1537 2210
2995 1471
1471 1341
3841 3677
3841 1682
167 2808
2808 3347
4494 2280
4494 3157
1668 2765
2765 1328
2446 851
2446 362
1489 3574
1489 3030
783 3571
3571 1813
3283 697
3283 835
1302 2032
1302 1772
4379 974
4379 3030
2565 725
725 2873
336 3271
336 3117
1492 197
197 1851
1394 2401
1394 1110
2721 3598
3598 4452
3999 3486
3999 831
4193 1765
4193 2649
3321 3356
3321 1185
1474 816
1474 2616
1137 751
751 3450
1722 4234
1722 706
1522 3837
3837 2519
733 1744
1744 1123
216 1357
1357 651
313 2821
313 225
3862 1070
3862 166
1886 3217
1886 1234
3689 4437
3689 2144
3813 1397
3813 1945
3082 3727
3727 2454
325 1979
325 1977
3241 2886
3241 3929
4546 4424
4424 2652
4564 2517
2517 353
2971 2673
2971 4504
4088 1551
1551 2530
3154 276
3154 381
3390 126
126 3590
2471 3337
3337 1991
2244 2289
2289 1829
271 3075
271 3339
2747 1494
2747 2874
159 3980
3980 3771
4475 553
553 1378
493 4190
4190 3519
3576 1256
3576 2016
1242 2958
1242 4513
2841 520
520 1251
1178 701
701 4380
2375 2120
2375 3356
933 2038
2038 2636
303 45
45 284
1894 3856
3856 1502
1220 1262
1262 452
3423 288
3423 4152
986 1442
1442 2449
34 3004
3004 1345
4113 877
877 4120
1063 1400
1400 3479
3723 660
660 1920
3334 2964
2964 2061
2941 4156
2941 602
4268 2990
4268 3589
3194 2838
3194 3924
4067 1985
1985 3138
887 3074
887 4369
2603 3699
3699 3109
4021 4243
4021 816
2922 3601
3601 3097
1102 712
1102 4185
1456 1082
1456 4131
767 612
612 1104
3804 2883
2883 2350
3125 1401
3125 2516
293 570
570 390
1814 2738
2738 3705
1340 788
1340 1116
3146 4415
3146 3373
4438 1586
4438 275
502 3930
3930 2472
3978 1426
1426 2530
104 3573
3573 303
4356 2547
4356 4001
670 62
62 3364
634 2969
2969 1739
3120 3183
3120 1388
2951 824
2951 2879
4486 669
4486 4496
3556 3287
3287 1554
2400 4147
4147 3534
1743 3412
3412 1285
2570 1476
1476 2536
3406 738
3406 476
3748 4145
4145 2655
1169 1056
1056 3355
331 3325
331 3747
1778 1723
1778 2545
1179 1698
1179 3063
1749 49
49 3177
2398 1538
2398 43
156 4107
156 3599
1467 1079
1467 36
4623 379
4623 597
1650 4267
1650 3285
301 1293
1293 907
3195 4079
3195 1555
1700 3577
1700 2637
456 567
456 1915
3281 13
13 156
2611 535
2611 273
2126 973
973 3326
1491 4545
1491 1040
394 3199
394 4593
445 2189
445 2826
1107 2220
1107 4176
4405 1309
4405 4143
412 223
223 3062
583 472
472 3151
1046 3594
3594 303
1245 2790
1245 1379
470 4242
470 3031
869 2534
2534 709
238 4098
238 3406
3446 2691
2691 7
2769 898
898 3787
3760 1974
3760 2099
3395 1573
3395 4010
2676 1097
2676 3355
882 2732
882 1211
1051 3329
3329 2517
874 884
884 3929
511 3090
3090 4574
3801 3613
3613 4531
657 1721
657 1847
714 1641
714 2483
1540 2875
1540 132
1705 4439
1705 2783
4019 3975
3975 4332
170 1741
1741 4450
2564 402
402 4554
3817 1883
1883 4485
4055 3974
3974 1075
2450 3426
2450 1757
2324 1689
2324 3698
1512 4543
1512 4525
226 2276
226 4624
3517 44
3517 2526
489 729
489 3852
1167 2315
1167 159
2627 513
2627 3051
1195 3237
3237 3467
772 23
23 2401
4172 269
4172 4313
1951 3455
1951 2240
1172 2599
2599 3291
1136 3464
3464 4605
1119 2453
2453 1177
872 1089
872 117
349 4441
4441 2886
1092 4606
4606 3034
2675 1277
2675 1779
1745 258
258 4481
987 2432
2432 664
930 1032
1032 1157
1507 4603
4603 1073
2857 2161
2857 924
3401 2657
3401 3612
2473 15
2473 2826
460 763
460 3922
1683 2193
1683 2563
3149 1693
3149 50
1898 4130
1898 3664
2028 4402
2028 2958
4607 589
4607 3608
4331 3711
3711 2401
1514 1156
1156 2580
2113 2669
2113 2004
2264 2430
2430 1795
1108 2762
2762 3669
481 312
312 3802
2437 3439
2437 3664
1875 3734
3734 4172
1348 2845
1348 3273
3538 2665
3538 1971
174 2312
2312 4222
4126 4089
4089 2289
4251 4462
4462 2646
993 1754
1754 493
4020 154
4020 4437
4264 3019
4264 4514
4022 28
28 2234
1726 3189
3189 970
454 932
454 1986
450 1419
450 3941
3900 3792
3792 2105
1545 1917
1917 4306
638 2100
2100 745
3786 940
940 2126
1296 2882
2882 468
971 2292
971 3294
900 361
361 694
4080 2252
4080 4302
2491 2998
2491 2282
896 754
896 4066
2182 4506
2182 4013
4239 4509
4509 308
696 3126
3126 2102
809 1611
1611 944
1834 302
302 393
3391 1505
1505 1511
2213 2674
2674 3739
9 143
9 2533
2288 917
2288 864
3288 396
396 2504
3306 1437
3306 2973
3371 2814
3371 2085
1391 1034
1034 2856
2006 4436
4436 2535
3508 2688
3508 4196
1165 346
1165 2373
1175 4539
1175 2603
3083 1824
3083 945
47 371
47 3367
2763 2776
2763 1240
2172 873
873 4424
1717 3436
3436 1550
4086 1124
4086 2424
4122 1664
1664 2191
605 66
66 673
425 3383
3383 1954
1263 469
469 3275
1461 2872
2872 2539
1544 545
545 2536
4367 2932
2932 1112
194 3359
194 80
190 3328
190 4593
601 4094
601 4329
1539 3560
1539 1245
3133 2728
2728 1120
2641 3223
3223 987
1344 3557
3557 1175
1747 828
828 1727
2438 2341
2438 697
90 3064
3064 3639
3838 1000
3838 80
4226 565
565 3750
1464 1882
1882 3348
2389 157
157 455
3867 2480
3867 1970
3229 267
3229 1111
1204 4183
1204 1461
3141 252
252 3258
870 1377
1377 2381
1796 2794
2794 3305
1005 921
1005 4312
4230 3320
4230 2926
715 1648
715 2727
1414 2040
1414 1036
3454 2699
2699 2161
3516 2007
2007 39
925 2072
2072 3689
1152 3008
1152 471
4129 2927
4129 2191
59 2774
2774 1694
1270 2187
1270 4006
2037 2583
2583 589
2894 2250
2894 1051
2830 609
2830 133
4031 2039
2039 1485
798 803
798 4274
3681 443
443 3759
3939 1647
3939 4193
1292 2338
1292 3806
4059 668
668 2601
4532 359
359 1372
296 856
856 3590
3504 123
3504 2431
2356 2013
2013 3284
2452 248
2452 1104
1703 2531
2531 2797
3435 576
576 3867
1517 10
10 2985
2331 1529
2331 3739
3901 1083
3901 2440
2510 3700
3700 3818
596 3296
3296 3634
4091 3274
4091 4176
663 2836
2836 4293
1900 3836
3836 3739
1790 317
317 4305
2631 1853
2631 2337
2933 3694
2933 3474
316 3896
316 2858
4446 120
4446 1263
1909 3492
1909 4215
759 2212
759 2937
3566 168
168 1237
1387 3543
3543 499
3372 1599
3372 3283
3310 3835
3310 1567
2258 2585
2585 1041
1676 2391
2391 1116
139 1907
1907 925
1440 1810
1440 1121
4392 1568
4392 4140
2989 3810
2989 4605
2623 630
2623 1832
1269 3597
3597 388
2024 1324
1324 874
2208 1708
1708 1371
3158 231
3158 4044
1762 340
340 2630
4179 4014
4179 31
71 929
71 3806
629 2448
2448 2926
1877 3049
1877 2749
4073 1734
4073 3388
4244 561
4244 1944
2349 1669
1669 2886
3625 4252
4252 3093
2997 2366
2997 1470
2121 2053
2053 4241
551 2243
551 3637
2835 674
674 1726
286 904
904 4266
4148 1450
1450 558
1004 2128
2128 2373
2524 2196
2524 332
571 1078
1078 965
3968 3954
3954 486
2685 2987
2685 1111
1168 1523
1523 3669
3369 2300
3369 3559
1173 3920
3920 3588
2959 3793
2959 4437
1436 265
265 439
1681 1103
1103 4374
2018 2952
2952 3968
2183 3108
2183 2313
3797 2195
2195 488
3746 2217
3746 295
2752 2970
2752 2483
1949 4180
4180 323
1636 1016
1636 2176
4229 4591
4229 499
1686 1553
1553 3596
1780 1009
1009 3844
415 2301
2301 49
4528 189
189 4527
880 2232
2232 2182
2548 2429
2429 3414
61 1087
1087 2691
3674 1976
3674 2829
3438 655
655 3427
110 2223
2223 3824
650 4326
650 390
1604 88
1604 3740
3324 1822
1822 1886
205 3048
3048 904
2779 3497
3497 2772
4043 2116
4043 1343
2594 482
2594 3878
2593 3902
3902 183
2602 544
544 1991
4150 2090
4150 3778
4246 2413
4246 580
4487 645
4487 2974
1691 1612
1691 3604
2798 440
440 1138
685 3932
685 2857
424 2227
424 3438
815 3697
3697 392
1244 3270
3270 3034
764 4350
4350 3217
1591 1557
1557 3634
1629 923
1629 4461
3713 1633
1633 2603
2329 3884
3884 3777
77 791
77 688
3081 4456
4456 2730
1227 3934
1227 4013
3349 466
466 226
4595 1947
4595 4020
20 1375
1375 4614
4016 1329
4016 1696
510 3172
3172 2459
4455 1908
1908 319
515 2921
515 3661
1037 530
530 3979
1565 4217
4217 4045
3521 937
937 2471
2615 4353
4353 2524
1258 2083
1258 2597
3744 3096
3744 2835
2863 1627
2863 3219
1490 1465
1465 292
3128 4240
4240 3576
562 2736
562 3136
1645 2298
2298 1302
3554 780
780 450
4027 3181
3181 995
356 3251
3251 1567
3053 2387
3053 2250
3530 3691
3530 2894
2333 2167
2167 3992
822 2216
822 2654
1868 2792
2792 1216
3545 242
242 4272
160 1503
1503 739
377 2884
2884 2625
3582 3210
3210 3746
3998 2399
2399 1779
2663 3641
2663 3862
1311 3946
1311 3804
785 1186
1186 960
1753 1761
1761 1488
11 83
11 1293
560 784
560 1514
1578 108
108 211
1334 4621
1334 4042
2968 3733
3733 3261
1291 337
337 1295
1797 1403
1403 3839
72 3132
3132 532
3652 2819
3652 2758
3953 3921
3921 714
1585 315
315 4038
4186 2804
4186 3316
1719 967
967 596
4585 1946
1946 1825
3515 3135
3135 1186
1430 2908
2908 4496
334 1649
1649 2779
687 3483
3483 1079
2286 810
2286 2411
360 1661
1661 4503
246 1147
1147 1321
494 934
934 1423
1105 2490
1105 164
3621 2698
3621 1175
3250 813
3250 2341
1658 1784
1784 756
617 2339
2339 4442
96 2202
96 2526
1305 2619
2619 4155
2478 848
2478 3717
1937 542
542 63
3352 3583
3352 1057
65 1515
65 467
1030 1458
1030 4180
172 4052
172 3158
1025 4071
1025 3314
2340 3410
2340 2375
4102 4039
4102 3954
4135 3579
3579 3110
2031 2608
2608 2450
1024 2522
2522 1575
442 3742
3742 1809
3 438
438 3813
229 958
958 3097
2870 2706
2870 698
2768 1332
2768 2300
1921 1541
1921 2969
855 4419
4419 1990
1562 2809
2809 1280
3408 1906
1906 2083
1300 3182
3182 381
2002 1164
2002 1873
4409 4349
4409 517
5 2546
2546 4080
4418 2441
4418 502
2896 641
2896 2060
4562 3245
4562 3604
2462 3563
3563 1785
3131 93
3131 2085
1068 3098
1068 1986
3433 4278
4278 2883
569 8
8 3515
928 103
103 2893
3377 666
666 650
2690 1481
2690 1372
1352 1911
1911 517
978 3981
3981 1917
4537 1865
4537 4035
3332 2520
2520 37
121 4028
121 841
2523 2628
2523 2958
3451 148
3451 143
4523 3908
3908 2249
3646 2224
3646 579
3370 1588
1588 16
3205 1609
1609 318
4576 1887
1887 271
3042 430
430 1700
328 3609
328 2229
3072 964
964 848
2354 253
2354 2220
541 1215
1215 3112
1888 1166
1888 3890
433 4610
4610 1950
3775 320
320 3373
3784 54
54 1946
2590 3758
3758 3135
496 2947
2947 3902
2724 3977
3977 63
3197 3783
3197 3639
1076 1962
1076 2857
1771 4282
4282 4430
3145 125
3145 1290
2658 614
614 4538
85 2385
85 3201
2025 3859
2025 2174
4288 2764
2764 2794
1770 779
779 2477
3200 533
3200 753
717 1837
717 1216
3425 2173
2173 1404
3399 17
17 4277
3640 690
690 1744
3434 792
3434 1371
3011 918
3011 4475
1368 1803
1368 2952
3416 1447
1447 447
4365 2887
2887 1427
4211 4333
4333 1486
1478 2643
2643 498
3693 111
3693 2491
1217 1576
1576 4421
2418 3506
3506 1617
3756 3972
3972 1289
1015 4548
4548 3559
1812 1330
1330 4160
1042 285
285 4602
547 1276
1276 1937
1504 321
1504 2816
2992 820
820 3248
3378 832
3378 1337
3918 2200
2200 282
478 4578
478 2424
1238 2410
2410 1265
3290 2604
3290 467
3420 1294
3420 1962
2677 2378
2378 2539
215 3415
215 2666
2639 366
2639 1731
3368 421
3368 1946
3931 4097
4097 966
847 3047
3047 234
3496 3510
3510 888
281 1248
1248 524
4033 3495
4033 2246
81 4492
4492 4332
357 251
251 996
4158 4062
4158 2541
3340 3687
3687 88
3815 3380
3380 1272
4322 3393
4322 1548
3188 3618
3618 2598
2357 219
2357 1168
1106 2903
1106 2584
3129 2265
3129 619
1800 2134
1800 2932
3106 186
3106 1178
1603 404
404 2489
4540 773
4540 485
1858 2075
2075 3682
3773 4018
3773 3926
949 3407
3407 3730
775 868
868 3651
4003 1712
4003 2014
2184 3336
3336 712
1194 3143
1194 3472
1665 4563
4563 1435
854 607
607 1176
2447 1132
1132 744
2319 4154
4154 3205
3897 3722
3897 2398
100 1820
100 4192
1667 2408
1667 2794
4422 2382
4422 2227
2954 622
2954 2242
2291 1362
2291 4217
3473 3080
3473 2855
1860 2831
2831 62
843 1959
1959 3366
3206 2864
3206 531
2514 646
646 3954
25 1901
25 921
3444 178
178 2774
4413 1479
1479 2477
988 2115
2115 3174
1395 1571
1571 2947
2245 1793
1793 830
4559 3584
3584 3393
3091 3791
3791 2462
2773 4586
4586 2181
2274 3249
3249 332
1018 908
1018 3711
3751 4263
4263 3511
185 2664
185 3219
1011 4352
1011 4614
994 2171
2171 2487
1984 3769
3769 4146
2114 1666
2114 1722
1376 3665
1376 1786
3026 1518
3026 3723
1417 4205
1417 1100
1841 3899
3899 1792
405 2284
2284 3047
1209 1758
1209 3989
2325 2360
2325 2374
3061 1054
1054 2526
1275 173
173 2152
67 681
67 1256
1171 997
997 2239
4466 3666
4466 3024
563 2507
563 1829
1626 2019
2019 1114
2458 755
2458 607
919 1807
1807 1315
230 3421
230 1392
1299 4165
4165 1395
1764 834
1764 3566
3816 3860
3816 3328
3350 1339
1339 1147
2902 3224
2902 1864
2259 519
519 3297
2862 639
639 850
969 3460
969 2276
1013 2
2 1034
878 1472
1472 691
3956 2650
3956 4092
3871 951
3871 2720
3690 2817
2817 961
826 1835
826 3674
4118 588
4118 4226
2906 52
52 1421
821 3725
3725 3626
3342 453
453 3051
1798 1320
1320 3769
3615 2827
2827 2651
587 3300
587 4073
3468 4360
3468 4403
193 796
796 4182
2554 3718
3718 1094
1219 3623
1219 557
4173 1441
1441 1745
1413 1688
1413 3861
2296 2270
2296 1376
451 1821
451 1441
2672 2425
2425 3826
1050 3235
1050 2547
2159 4327
4327 2074
3933 3196
3933 332
1135 676
676 391
4526 702
702 4239
2106 939
939 542
3708 1684
1684 3842
4618 4300
4300 2447
3038 2463
3038 292
3087 505
505 2172
3857 4063
3857 3165
683 802
802 3682
1014 752
752 560
21 3905
21 2125
196 748
748 3027
4427 750
750 2879
131 1659
131 3909
3202 2527
2527 2075
4294 204
204 13
942 147
942 1277
836 943
836 3779
1351 2837
2837 645
2712 4502
2712 4528
2198 2733
2198 2707
3635 736
3635 917
175 4434
175 3079
3148 765
3148 1300
2392 3338
2392 2269
2065 150
2065 1872
1531 1767
1531 1018
221 75
75 842
1961 3938
1961 4142
1690 373
373 3820
950 2722
2722 3724
444 1620
1620 1217
4394 1819
4394 1246
3130 3917
3917 1755
2206 1199
1199 3266
1845 1878
1878 1464
526 3620
526 1764
1231 411
411 222
1781 3789
3789 4553
3374 3562
3562 3795
2756 4622
4622 2421
384 1570
384 2785
1889 2104
1889 3153
1587 3877
3877 3369
294 503
503 947
1958 3721
1958 1051
3811 3012
3012 2854
4483 2726
2726 4597
1861 1115
1115 310
3144 3668
3668 2928
1257 1134
1134 1712
1497 781
781 2187
309 4132
309 3241
890 4420
890 2750
1782 2397
1782 3750
3065 1007
1007 1421
2154 3015
2154 3452
814 3529
814 4399
4355 4047
4047 987
4372 894
4372 4322
403 213
403 975
1730 2177
2177 742
648 914
914 1052
2044 182
2044 3334
3961 2942
2942 2731
720 1228
720 3523
1890 1685
1890 4221
686 3341
686 2860
1526 410
1526 2840
2822 1805
2822 3049
3611 1763
1763 2984
146 3005
3005 2945
2035 465
2035 3221
1766 2467
1766 3990
1142 431
431 2627
2388 2011
2011 3248
1960 3482
1960 1156
1010 2043
2043 1620
3518 1288
1288 4457
2714 1880
1880 3742
3002 1597
1597 2379
3642 2553
3642 1927
2148 4588
2148 4386
3688 3799
3688 2391
3137 136
136 62
1738 1634
1634 965
4257 459
4257 2995
615 2318
2318 312
1109 598
598 3032
1995 1021
1021 3091
1672 3527
3527 3902
475 2228
475 3114
3631 3624
3631 709
300 3880
300 4386
1619 1045
1045 1219
2494 879
879 143
19 2993
2993 2073
1085 2089
1085 1192
1899 3134
1899 3924
3648 758
3648 4048
1848 2456
2456 2862
1768 2409
2409 1753
4210 4041
4041 141
610 4375
4375 2
1811 1804
1804 3086
4283 1455
1455 4384
2423 3766
2423 157
3319 3755
3319 438
1457 1895
1457 4174
844 2555
844 4515
3764 2978
2978 1812
290 2678
2678 1808
523 3843
3843 3180
893 2262
2262 2580
4348 595
595 1400
2704 1077
1077 4459
2203 2806
2203 1298
2416 771
771 2866
4579 473
473 485
1527 1854
1527 3421
2939 2810
2939 4046
705 3883
705 2788
2582 2622
2582 4070
1247 4493
4493 132
268 4099
268 2236
3214 1064
1064 413
1158 1095
1095 2380
726 540
540 425
1844 3233
3233 696
3870 902
902 4255
2613 2248
2248 1387
3102 3712
3712 615
341 3881
341 817
4542 500
500 209
3915 1679
3915 2276
871 801
801 583
95 833
95 127
3303 2606
2606 638
89 426
426 659
1214 2062
2062 473
2080 3023
2080 3596
3982 2551
2551 4361
2156 2336
2336 2448
2996 1187
2996 792
338 278
278 2203
3066 1370
3066 2245
667 1546
667 3890
1925 376
376 1103
1752 4376
4376 3109
2067 3263
2067 2805
2468 2802
2802 4178
1720 3983
1720 3957
343 105
105 1977
521 3346
3346 1266
3940 1948
1948 379
474 3488
3488 1689
224 4262
224 1116
2367 4448
4448 679
3969 3429
3969 318
2042 4307
2042 2089
732 179
732 4223
4201 1407
1407 4495
4034 711
4034 975
1398 2899
2899 3992
808 4037
4037 127
428 2578
2578 1401
4116 3122
4116 903
1338 1711
1711 2458
449 3317
3317 3556
2267 3868
3868 3995
3542 1892
3542 471
514 795
514 2608
2694 4589
4589 2020
3569 314
3569 2534
2842 1459
2842 626
4295 3595
3595 2073
3127 786
786 141
2679 1314
2679 3264
4081 2635
2635 3806
6 2849
2849 2229
3539 3471
3471 946
2415 60
60 2774
1842 109
1842 869
2600 2770
2770 872
2609 4112
4112 3160
2981 1232
2981 1619
1839 3952
3952 1578
2175 4544
2175 2784
1035 1704
1035 4523
4078 4471
4471 2381
2540 3822
3822 2617
2644 3997
2644 4122
1748 3513
1748 2839
1516 4008
1516 3353
3586 1857
3586 3033
2247 2155
2247 489
3480 322
322 4006
3255 3726
3726 3748
2045 2364
2364 3014
2876 2146
2876 2250
4354 1670
1670 1768
3647 201
3647 1436
1200 2591
2591 2167
938 2017
938 2915
119 4301
4301 3094
3268 2612
3268 3224
2662 4587
4587 2760
130 2353
130 4601
4170 2693
4170 1136
115 3891
115 3410
4103 2127
2127 2124
2064 1342
1342 4466
2710 41
2710 205
2372 1128
2372 1759
2088 3052
3052 2974
1210 4351
4351 4475
2272 4007
2272 109
3232 56
56 2986
743 2310
743 2277
509 652
509 3309
2596 1249
1249 2125
3976 774
3976 709
922 1303
922 369
262 2180
2180 1965
4378 2505
2505 1675
3323 3622
3622 2129
2734 1967
1967 3232
3376 2393
2393 2786
375 3461
3461 2366
1093 4096
4096 1594
782 2626
2626 3574
979 1468
1468 1801
335 1028
1028 1782
956 70
956 2601
2079 2634
2634 547
2852 2953
2953 2604
4470 2427
4470 3246
1451 3363
1451 111
1308 4613
4613 2738
4480 3069
4480 4143
1528 1184
1184 430
3702 2109
3702 4017
206 2686
206 743
1133 4519
4519 1214
889 2562
889 3023
4387 4225
4387 3174
2009 3767
2009 4190
1582 4269
4269 2374
3749 1126
3749 3865
1389 3944
3944 329
387 239
387 2288
3365 2219
2219 4473
3267 3552
3267 1035
2428 236
236 2280
4516 2950
2950 1763
1139 860
860 4434
3084 2168
3084 3886
1365 3298
3298 421
198 1701
1701 3608
592 3876
3876 3612
3514 1561
1561 464
4184 3502
4184 2614
395 4011
395 3188
1099 2660
1099 3609
2552 2861
2861 1271
4127 4298
4298 3993
2716 4200
4200 2483
4510 3169
3169 3889
3572 2796
2796 2446
4053 1213
4053 3952
3384 2725
3384 4044
1415 351
351 1301
1787 3058
1787 814
1563 3528
3528 348
2046 1396
2046 898
3522 3800
3800 2428
4166 1029
1029 2982
1444 2205
2205 2336
1432 4065
1432 275
3070 2573
2573 1549
2620 658
2620 2005
2455 3431
3431 1031
2254 537
2254 2369
1859 2833
1859 3921
3252 1981
1981 1975
3654 4040
4040 4290
3302 1122
1122 1744
4609 2689
4609 2975
4117 1687
1687 2532
586 4194
586 3890
1600 623
1600 1940
270 1203
270 2865
4596 3945
3945 726
1776 1983
1983 1741
1903 3475
1903 593
2108 1577
1577 3993
723 1096
1096 1909
2098 3770
2098 3424
3526 1510
1510 3131
1618 3301
3301 311
4476 3544
3544 1587
4449 3949
4449 1079
260 4608
260 265
1718 1926
1926 690
1957 590
590 3134
3732 1624
1624 3272
1174 4208
4208 173
3039 2653
3039 1337
3704 1306
1306 3701
3020 2549
2549 2557
2737 3299
2737 3762
155 354
155 2460
1222 1118
1118 4143
4188 4408
4408 3671
2304 1806
1806 3089
4195 1433
1433 3599
2117 1968
1968 1018
1482 1487
1482 1357
1322 4600
4600 79
501 2077
2077 3798
4164 1815
1815 4213
397 406
397 1549
40 3803
40 3168
4328 1936
4328 3452
3782 3781
3782 1577
1840 1918
1840 3189
4469 2877
4469 1132
671 4273
4273 2118
1363 1445
1363 1074
1750 1071
1750 3840
1072 4311
1072 2282
3054 3152
3054 1021
408 279
408 673
3295 4012
4012 4417
1212 4216
1212 2064
3006 2279
3006 559
1653 4304
4304 4068
3044 984
3044 86
672 1023
1023 3428
599 730
730 97
1646 4401
1646 3782
1941 4108
1941 3794
1773 4177
1773 1121
1360 247
1360 4125
3121 2466
3121 4593
483 298
483 903
4106 3037
3037 2183
3629 1243
1243 1909
2215 4468
4468 1282
1117 1856
1117 1157
2461 2994
2994 4374
202 665
202 50
380 2778
2778 533
1706 3218
1706 2707
1252 3546
3546 2664
4580 1595
4580 4335
727 163
163 3488
2096 805
805 2988
4024 1469
4024 2048
4198 2656
2656 2522
3619 2376
2376 2379
1264 3484
1264 485
4320 3703
3703 2587
3600 1652
3600 688
1863 3422
1863 597
4310 1736
4310 2124
2782 2361
2782 3505
4206 840
4206 4435
3212 1236
1236 388
2846 153
153 836
4362 2543
4362 2886
2498 1429
2498 907
3833 3567
3567 1730
2285 4566
2285 56
307 3638
307 2115
2218 3375
3375 2724
3729 1060
1060 3854
1369 4524
4524 3307
3253 1019
3253 4624
3761 4191
4191 4459
1525 4207
4207 2107
1742 3262
1742 2805
4522 1086
1086 1815
3887 2143
3887 1824
2087 3115
3115 2417
3907 2682
3907 3814
1542 1500
1542 4402
3360 1409
1409 4382
2537 3447
2537 2292
1183 2640
2640 2140
654 552
654 3861
4026 1902
1902 3323
4209 1424
4209 1722
4175 1267
1267 3627
2352 2949
2352 2296
2739 3397
3397 3713
4330 3361
4330 4254
1380 3935
3935 583
2761 4477
4477 2379
4334 1460
1460 3499
2929 261
261 516
1 4214
4214 2170
35 4620
4620 627
4393 3807
4393 2060
2550 2395
2550 166
2521 2972
2972 425
3344 4291
4291 2417
1044 4373
4373 3393
2445 4072
2445 4575
1425 2256
1425 4512
2231 1048
1048 4288
2123 4615
4615 3207
624 3001
3001 4187
2444 1874
2444 225
3198 2889
3198 1690
4324 2069
4324 1253
957 3911
3911 4175
3113 1893
1893 2607
2335 3828
3828 1467
305 3009
3009 3003
3853 188
188 1650
1643 1473
1643 2539
432 2029
2029 230
3653 1431
1431 175
4002 1410
1410 3338
2702 807
2702 4507
