1417 0
2 1
3 1
4 1
5 1
6 2
7 4
8 1
9 5
10 2
11 8
12 4
13 6
14 13
15 7
16 14
17 15
18 2
19 16
20 9
21 7
22 2
23 2
24 3
25 17
26 20
27 13
28 7
29 3
30 17
31 26
32 3
33 13
34 17
35 18
36 28
37 14
38 25
39 3
40 22
41 11
42 1
43 2
44 27
45 18
46 9
47 7
48 25
49 28
50 2
51 38
52 22
53 51
54 36
55 42
56 33
57 27
58 19
59 2
60 41
61 23
62 46
63 2
64 4
65 22
66 55
67 49
68 10
69 27
70 61
71 52
72 32
73 57
74 2
75 5
76 66
77 15
78 25
79 68
80 67
81 35
82 72
83 54
84 72
85 34
86 14
87 84
88 52
89 56
90 23
91 8
92 59
93 39
94 92
95 51
96 39
97 77
98 36
99 67
100 43
101 74
102 16
103 73
104 85
105 63
106 97
107 1
108 71
109 25
110 82
111 62
112 15
113 92
114 62
115 15
116 60
117 95
118 102
119 82
120 89
121 56
122 105
123 84
124 99
125 97
126 125
127 52
128 123
129 90
130 124
131 99
132 62
133 75
134 113
135 28
136 95
137 109
138 38
139 39
140 57
141 112
142 89
143 90
144 53
145 47
146 33
147 8
148 98
149 59
150 55
151 28
152 111
153 61
154 12
155 82
156 78
157 143
158 119
159 77
160 71
161 37
162 81
163 63
164 113
165 20
166 63
167 81
168 113
169 114
170 145
171 100
172 88
173 111
174 12
175 142
176 94
177 4
178 3
179 45
180 72
181 30
182 84
183 98
184 150
185 53
186 69
187 55
188 85
189 2
190 128
191 92
192 104
193 22
194 190
195 141
196 74
197 59
198 87
199 138
200 189
201 48
202 7
203 189
204 200
205 196
206 138
207 91
208 128
209 67
210 128
211 3
212 68
213 60
214 110
215 181
216 134
217 122
218 160
219 48
220 51
221 90
222 200
223 53
224 206
225 148
226 93
227 128
228 140
229 182
230 140
231 173
232 47
233 133
234 108
235 116
236 173
237 93
238 225
239 210
240 103
241 147
242 46
243 55
244 170
245 117
246 14
247 54
248 49
249 50
250 190
251 97
252 213
253 242
254 3
255 89
256 185
257 8
258 209
259 135
260 54
261 195
262 66
263 47
264 188
265 122
266 155
267 17
268 2
269 23
270 238
271 215
272 163
273 173
274 40
275 235
276 42
277 28
278 211
279 120
280 256
281 37
282 253
283 5
284 206
285 52
286 5
287 70
288 44
289 250
290 100
291 87
292 28
293 154
294 9
295 143
296 204
297 262
298 274
299 277
300 273
301 66
302 126
303 271
304 245
305 233
306 94
307 254
308 84
309 258
310 84
311 207
312 187
313 69
314 20
315 147
316 307
317 202
318 49
319 63
320 212
321 178
322 122
323 90
324 73
325 281
326 43
327 132
328 4
329 59
330 255
331 269
332 78
333 265
334 9
335 282
336 260
337 255
338 145
339 2
340 107
341 135
342 178
343 300
344 29
345 113
346 131
347 227
348 50
349 173
350 161
351 327
352 336
353 152
354 314
355 303
356 234
357 94
358 89
359 82
360 141
361 231
362 262
363 127
364 242
365 178
366 245
367 207
368 206
369 38
370 200
371 324
372 312
373 103
374 153
375 371
376 205
377 216
378 188
379 27
380 4
381 113
382 58
383 235
384 91
385 275
386 380
387 313
388 113
389 87
390 102
391 5
392 34
393 283
394 365
395 364
396 394
397 239
398 249
399 121
400 110
401 24
402 88
403 375
404 119
405 34
406 194
407 280
408 407
409 19
410 312
411 136
412 20
413 69
414 301
415 349
416 268
417 173
418 185
419 326
420 202
421 158
422 217
423 108
424 368
425 159
426 261
427 349
428 110
429 5
430 144
431 316
432 232
433 427
434 22
435 405
436 20
437 247
438 284
439 273
440 59
441 226
442 100
443 15
444 327
445 31
446 129
447 33
448 45
449 44
450 359
451 53
452 90
453 352
454 125
455 318
456 299
457 51
458 445
459 238
460 188
461 288
462 224
463 137
464 409
465 8
466 299
467 181
468 463
469 452
470 18
471 213
472 238
473 237
474 70
475 121
476 259
477 141
478 378
479 379
480 382
481 313
482 172
483 188
484 222
485 36
486 32
487 347
488 125
489 119
490 49
491 272
492 87
493 163
494 420
495 119
496 423
497 167
498 168
499 20
500 75
501 87
502 205
503 314
504 251
505 307
506 281
507 459
508 299
509 172
510 395
511 385
512 474
513 507
514 165
515 381
516 60
517 60
518 130
519 356
520 32
521 354
522 328
523 22
524 198
525 344
526 394
527 260
528 171
529 47
530 516
531 210
532 284
533 445
534 192
535 138
536 177
537 413
538 145
539 339
540 367
541 376
542 354
543 273
544 391
545 284
546 226
547 219
548 368
549 54
550 216
551 238
552 114
553 286
554 458
555 92
556 38
557 461
558 110
559 297
560 535
561 74
562 219
563 249
564 123
565 514
566 226
567 18
568 282
569 492
570 265
571 391
572 11
573 557
574 314
575 573
576 294
577 450
578 391
579 458
580 477
581 415
582 431
583 18
584 243
585 33
586 96
587 565
588 443
589 235
590 32
591 27
592 256
593 398
594 498
595 471
596 169
597 501
598 113
599 499
600 31
601 94
602 373
603 494
604 158
605 194
606 180
607 551
608 390
609 310
610 502
611 18
612 430
613 471
614 416
615 486
616 243
617 364
618 19
619 64
620 122
621 310
622 199
623 218
624 238
625 468
626 494
627 133
628 322
629 483
630 316
631 107
632 376
633 347
634 454
635 571
636 533
637 556
638 247
639 87
640 133
641 448
642 495
643 369
644 65
645 258
646 233
647 362
648 3
649 414
650 356
651 635
652 288
653 546
654 113
655 541
656 243
657 180
658 529
659 121
660 608
661 397
662 445
663 259
664 372
665 397
666 304
667 198
668 477
669 528
670 358
671 182
672 231
673 520
674 460
675 458
676 78
677 280
678 359
679 7
680 666
681 497
682 21
683 494
684 655
685 326
686 19
687 645
688 178
689 502
690 229
691 117
692 337
693 409
694 265
695 420
696 228
697 626
698 617
699 594
700 130
701 376
702 236
703 3
704 214
705 502
706 320
707 440
708 87
709 648
710 422
711 328
712 271
713 707
714 247
715 180
716 84
717 268
718 447
719 304
720 679
721 369
722 130
723 364
724 655
725 171
726 91
727 642
728 473
729 564
730 18
731 722
732 97
733 304
734 71
735 733
736 21
737 145
738 438
739 520
740 243
741 495
742 137
743 412
744 520
745 285
746 393
747 374
748 727
749 538
750 58
751 20
752 156
753 687
754 695
755 509
756 14
757 465
758 636
759 233
760 565
761 489
762 153
763 410
764 41
765 382
766 38
767 208
768 115
769 354
770 614
771 714
772 481
773 297
774 484
775 303
776 750
777 647
778 271
779 489
780 661
781 513
782 212
783 514
784 490
785 118
786 237
787 580
788 520
789 165
790 60
791 638
792 370
793 433
794 170
795 753
796 276
797 548
798 561
799 134
800 211
801 241
802 432
803 152
804 182
805 722
806 515
807 148
808 111
809 41
810 112
811 74
812 308
813 53
814 764
815 501
816 803
817 271
818 226
819 425
820 514
821 613
822 499
823 466
824 235
825 334
826 633
827 218
828 577
829 91
830 214
831 776
832 394
833 646
834 43
835 329
836 746
837 338
838 676
839 802
840 344
841 146
842 195
843 549
844 631
845 817
846 402
847 264
848 352
849 721
850 418
851 769
852 261
853 815
854 703
855 598
856 760
857 807
858 294
859 397
860 664
861 227
862 656
863 175
864 805
865 393
866 687
867 654
868 460
869 84
870 582
871 797
872 265
873 796
874 155
875 864
876 120
877 311
878 59
879 395
880 397
881 326
882 145
883 719
884 309
885 356
886 670
887 11
888 504
889 131
890 216
891 789
892 670
893 468
894 368
895 355
896 833
897 225
898 709
899 7
900 580
901 898
902 8
903 717
904 478
905 629
906 704
907 442
908 493
909 609
910 529
911 630
912 808
913 580
914 214
915 830
916 657
917 831
918 815
919 37
920 334
921 363
922 582
923 824
924 640
925 602
926 410
927 445
928 419
929 888
930 405
931 917
932 59
933 174
934 786
935 381
936 677
937 30
938 242
939 24
940 156
941 700
942 83
943 459
944 382
945 389
946 606
947 425
948 466
949 882
950 606
951 46
952 215
953 863
954 654
955 375
956 748
957 712
958 344
959 398
960 382
961 692
962 701
963 129
964 852
965 181
966 512
967 724
968 534
969 615
970 240
971 18
972 95
973 56
974 155
975 2
976 770
977 47
978 689
979 720
980 451
981 939
982 363
983 23
984 867
985 111
986 653
987 469
988 546
989 104
990 490
991 582
992 296
993 830
994 38
995 15
996 692
997 550
998 470
999 608
1000 245
1001 271
1002 589
1003 467
1004 185
1005 645
1006 812
1007 607
1008 943
1009 250
1010 256
1011 637
1012 743
1013 299
1014 53
1015 417
1016 932
1017 98
1018 961
1019 582
1020 894
1021 80
1022 232
1023 780
1024 128
1025 574
1026 906
1027 754
1028 127
1029 39
1030 47
1031 72
1032 771
1033 848
1034 359
1035 224
1036 164
1037 166
1038 200
1039 212
1040 234
1041 720
1042 141
1043 483
1044 524
1045 998
1046 307
1047 397
1048 824
1049 137
1050 249
1051 387
1052 572
1053 605
1054 888
1055 1025
1056 527
1057 251
1058 529
1059 635
1060 516
1061 594
1062 438
1063 815
1064 361
1065 328
1066 745
1067 475
1068 726
1069 308
1070 715
1071 557
1072 1025
1073 840
1074 70
1075 233
1076 736
1077 188
1078 336
1079 349
1080 880
1081 557
1082 784
1083 590
1084 386
1085 246
1086 638
1087 959
1088 299
1089 702
1090 115
1091 936
1092 274
1093 416
1094 409
1095 942
1096 636
1097 192
1098 767
1099 400
1100 504
1101 959
1102 1052
1103 612
1104 382
1105 393
1106 989
1107 388
1108 806
1109 756
1110 484
1111 965
1112 300
1113 396
1114 463
1115 690
1116 442
1117 925
1118 300
1119 899
1120 78
1121 16
1122 279
1123 988
1124 867
1125 557
1126 45
1127 831
1128 186
1129 216
1130 1035
1131 426
1132 259
1133 675
1134 413
1135 1036
1136 429
1137 1132
1138 1038
1139 538
1140 1071
1141 552
1142 132
1143 114
1144 770
1145 902
1146 1144
1147 466
1148 952
1149 24
1150 417
1151 372
1152 409
1153 503
1154 976
1155 1051
1156 590
1157 685
1158 970
1159 464
1160 236
1161 320
1162 1160
1163 848
1164 5
1165 448
1166 552
1167 534
1168 393
1169 905
1170 1154
1171 469
1172 742
1173 390
1174 404
1175 649
1176 800
1177 701
1178 1058
1179 512
1180 1120
1181 160
1182 671
1183 446
1184 639
1185 955
1186 7
1187 18
1188 305
1189 480
1190 850
1191 720
1192 572
1193 231
1194 699
1195 283
1196 1000
1197 438
1198 979
1199 637
1200 997
1201 360
1202 124
1203 265
1204 1122
1205 1175
1206 289
1207 1055
1208 1010
1209 399
1210 178
1211 255
1212 303
1213 397
1214 387
1215 509
1216 121
1217 102
1218 233
1219 590
1220 447
1221 1153
1222 1186
1223 674
1224 741
1225 823
1226 228
1227 744
1228 809
1229 1212
1230 733
1231 1051
1232 1200
1233 416
1234 200
1235 72
1236 1177
1237 387
1238 353
1239 520
1240 35
1241 1102
1242 1180
1243 826
1244 545
1245 527
1246 998
1247 1156
1248 513
1249 1118
1250 414
1251 631
1252 893
1253 1045
1254 1017
1255 1145
1256 493
1257 366
1258 778
1259 641
1260 126
1261 487
1262 27
1263 1028
1264 85
1265 538
1266 551
1267 824
1268 588
1269 1169
1270 976
1271 279
1272 810
1273 408
1274 14
1275 949
1276 1143
1277 737
1278 629
1279 48
1280 513
1281 1165
1282 628
1283 324
1284 1229
1285 1168
1286 148
1287 419
1288 533
1289 1237
1290 1183
1291 1020
1292 705
1293 751
1294 1247
1295 861
1296 441
1297 1022
1298 343
1299 1135
1300 583
1301 35
1302 174
1303 223
1304 976
1305 613
1306 459
1307 73
1308 1153
1309 993
1310 1073
1311 426
1312 45
1313 1113
1314 948
1315 387
1316 22
1317 250
1318 314
1319 287
1320 1041
1321 219
1322 1321
1323 180
1324 837
1325 120
1326 1208
1327 975
1328 1003
1329 660
1330 1189
1331 585
1332 697
1333 439
1334 597
1335 546
1336 397
1337 1175
1338 258
1339 593
1340 1205
1341 1
1342 141
1343 811
1344 348
1345 43
1346 831
1347 145
1348 705
1349 1283
1350 161
1351 817
1352 1259
1353 538
1354 138
1355 42
1356 483
1357 641
1358 1138
1359 1273
1360 322
1361 516
1362 78
1363 622
1364 627
1365 214
1366 756
1367 566
1368 802
1369 709
1370 1192
1371 425
1372 771
1373 1118
1374 1348
1375 273
1376 691
1377 938
1378 59
1379 99
1380 1306
1381 1378
1382 793
1383 448
1384 1087
1385 1336
1386 455
1387 693
1388 179
1389 1204
1390 1113
1391 247
1392 1174
1393 886
1394 295
1395 825
1396 438
1397 140
1398 452
1399 502
1400 1339
1401 918
1402 1351
1403 306
1404 1097
1405 652
1406 1029
1407 1266
1408 94
1409 1280
1410 1015
1411 222
1412 783
1413 769
1414 501
1415 1377
1416 975
1417 950
