2105 0
2 1
3 1
4 1
5 1
6 3
7 2
8 7
9 5
10 6
11 8
12 1
13 10
14 8
15 11
16 1
17 7
18 14
19 6
20 13
21 11
22 17
23 18
24 18
25 9
26 11
27 1
28 8
29 11
30 25
31 10
32 10
33 21
34 1
35 6
36 23
37 30
38 14
39 29
40 24
41 27
42 32
43 30
44 31
45 22
46 17
47 37
48 10
49 36
50 36
51 14
52 38
53 35
54 29
55 30
56 4
57 11
58 25
59 32
60 16
61 3
62 54
63 20
64 63
65 30
66 53
67 19
68 25
69 23
70 6
71 20
72 10
73 33
74 60
75 39
76 27
77 43
78 33
79 64
80 6
81 75
82 51
83 80
84 53
85 26
86 6
87 82
88 35
89 24
90 84
91 66
92 27
93 27
94 7
95 43
96 68
97 21
98 63
99 25
100 69
101 6
102 47
103 85
104 17
105 55
106 73
107 29
108 30
109 93
110 90
111 76
112 87
113 68
114 76
115 45
116 39
117 59
118 109
119 102
120 6
121 72
122 48
123 30
124 3
125 117
126 115
127 126
128 126
129 34
130 59
131 89
132 49
133 127
134 40
135 42
136 122
137 93
138 2
139 137
140 75
141 76
142 97
143 118
144 39
145 23
146 50
147 90
148 83
149 47
150 139
151 30
152 116
153 45
154 113
155 98
156 139
157 99
158 127
159 29
160 23
161 13
162 43
163 1
164 134
165 140
166 149
167 99
168 117
169 146
170 92
171 12
172 159
173 135
174 20
175 54
176 138
177 156
178 50
179 83
180 170
181 90
182 159
183 84
184 17
185 165
186 176
187 39
188 181
189 150
190 136
191 84
192 108
193 30
194 171
195 33
196 192
197 11
198 103
199 148
200 101
201 176
202 83
203 61
204 85
205 32
206 178
207 115
208 152
209 11
210 115
211 163
212 77
213 176
214 69
215 189
216 44
217 10
218 215
219 42
220 167
221 98
222 208
223 103
224 56
225 92
226 92
227 176
228 46
229 62
230 70
231 201
232 135
233 125
234 12
235 170
236 17
237 57
238 233
239 144
240 134
241 139
242 118
243 93
244 2
245 133
246 91
247 188
248 143
249 18
250 226
251 57
252 46
253 98
254 11
255 227
256 254
257 80
258 245
259 233
260 239
261 203
262 213
263 41
264 10
265 202
266 150
267 259
268 37
269 215
270 246
271 207
272 123
273 149
274 245
275 109
276 216
277 180
278 1
279 64
280 226
281 125
282 75
283 149
284 42
285 24
286 13
287 40
288 276
289 34
290 76
291 129
292 20
293 278
294 292
295 35
296 255
297 6
298 193
299 239
300 262
301 238
302 175
303 231
304 237
305 289
306 297
307 104
308 136
309 154
310 13
311 299
312 125
313 53
314 113
315 113
316 171
317 2
318 257
319 73
320 90
321 186
322 24
323 234
324 69
325 213
326 46
327 230
328 105
329 27
330 4
331 7
332 105
333 105
334 17
335 232
336 246
337 55
338 87
339 106
340 238
341 251
342 182
343 268
344 288
345 153
346 304
347 249
348 331
349 9
350 207
351 191
352 272
353 256
354 68
355 81
356 75
357 258
358 323
359 144
360 270
361 119
362 183
363 305
364 105
365 102
366 253
367 247
368 252
369 270
370 346
371 70
372 11
373 83
374 168
375 353
376 167
377 48
378 89
379 187
380 148
381 297
382 66
383 11
384 182
385 347
386 150
387 359
388 110
389 331
390 247
391 281
392 39
393 139
394 279
395 188
396 381
397 251
398 43
399 159
400 229
401 256
402 318
403 145
404 132
405 226
406 156
407 8
408 370
409 19
410 93
411 360
412 138
413 241
414 168
415 395
416 31
417 373
418 235
419 80
420 45
421 174
422 374
423 330
424 253
425 47
426 92
427 67
428 220
429 297
430 417
431 68
432 117
433 323
434 258
435 65
436 330
437 115
438 129
439 157
440 179
441 394
442 250
443 405
444 242
445 143
446 299
447 33
448 179
449 372
450 383
451 39
452 25
453 28
454 38
455 106
456 217
457 315
458 276
459 236
460 132
461 164
462 195
463 51
464 146
465 256
466 401
467 395
468 29
469 320
470 213
471 85
472 113
473 341
474 327
475 429
476 449
477 85
478 386
479 303
480 150
481 1
482 257
483 68
484 156
485 336
486 415
487 347
488 326
489 415
490 466
491 364
492 270
493 191
494 198
495 149
496 468
497 223
498 223
499 82
500 136
501 259
502 125
503 422
504 101
505 339
506 303
507 347
508 473
509 264
510 211
511 235
512 193
513 323
514 251
515 337
516 414
517 488
518 338
519 514
520 267
521 434
522 517
523 440
524 225
525 92
526 402
527 264
528 298
529 487
530 520
531 10
532 131
533 449
534 368
535 58
536 61
537 389
538 366
539 345
540 43
541 156
542 362
543 113
544 127
545 196
546 117
547 507
548 54
549 502
550 57
551 92
552 539
553 550
554 281
555 262
556 443
557 189
558 118
559 37
560 151
561 258
562 14
563 79
564 383
565 66
566 95
567 134
568 300
569 348
570 393
571 439
572 370
573 33
574 322
575 327
576 116
577 10
578 276
579 570
580 263
581 487
582 294
583 464
584 290
585 489
586 533
587 399
588 257
589 547
590 40
591 77
592 374
593 70
594 191
595 415
596 17
597 209
598 204
599 597
600 121
601 454
602 46
603 56
604 1
605 42
606 188
607 419
608 548
609 94
610 100
611 248
612 247
613 427
614 173
615 194
616 313
617 500
618 605
619 484
620 257
621 134
622 352
623 622
624 180
625 92
626 142
627 15
628 526
629 379
630 2
631 507
632 391
633 227
634 368
635 491
636 88
637 416
638 611
639 287
640 242
641 8
642 386
643 631
644 401
645 382
646 401
647 298
648 12
649 646
650 335
651 121
652 260
653 382
654 3
655 439
656 295
657 348
658 247
659 443
660 436
661 377
662 323
663 619
664 525
665 189
666 64
667 596
668 590
669 164
670 379
671 282
672 2
673 560
674 471
675 520
676 415
677 16
678 197
679 555
680 442
681 369
682 312
683 302
684 588
685 514
686 27
687 357
688 339
689 398
690 35
691 641
692 393
693 421
694 335
695 302
696 274
697 450
698 246
699 126
700 657
701 672
702 244
703 93
704 157
705 574
706 210
707 142
708 422
709 516
710 511
711 452
712 276
713 355
714 217
715 598
716 682
717 360
718 669
719 150
720 7
721 473
722 441
723 336
724 261
725 151
726 210
727 238
728 254
729 636
730 704
731 234
732 195
733 280
734 296
735 399
736 410
737 537
738 478
739 474
740 477
741 103
742 249
743 368
744 665
745 685
746 689
747 218
748 453
749 62
750 66
751 320
752 695
753 503
754 403
755 157
756 565
757 185
758 116
759 667
760 47
761 361
762 424
763 272
764 245
765 298
766 173
767 472
768 58
769 682
770 375
771 110
772 34
773 605
774 581
775 347
776 267
777 639
778 747
779 7
780 27
781 373
782 254
783 24
784 753
785 350
786 686
787 568
788 359
789 461
790 287
791 238
792 303
793 153
794 678
795 525
796 622
797 568
798 478
799 568
800 48
801 153
802 190
803 476
804 181
805 82
806 168
807 536
808 165
809 345
810 29
811 424
812 154
813 81
814 524
815 227
816 669
817 535
818 309
819 11
820 153
821 49
822 588
823 244
824 738
825 302
826 247
827 736
828 51
829 759
830 614
831 706
832 106
833 206
834 380
835 315
836 161
837 74
838 292
839 200
840 449
841 490
842 635
843 707
844 595
845 341
846 597
847 462
848 565
849 633
850 95
851 97
852 642
853 223
854 526
855 432
856 60
857 575
858 368
859 851
860 637
861 651
862 614
863 705
864 496
865 17
866 498
867 768
868 670
869 8
870 351
871 609
872 588
873 732
874 182
875 250
876 121
877 227
878 625
879 725
880 253
881 174
882 480
883 379
884 298
885 628
886 99
887 157
888 278
889 139
890 484
891 155
892 628
893 352
894 649
895 847
896 146
897 425
898 249
899 123
900 767
901 842
902 259
903 361
904 119
905 613
906 596
907 616
908 143
909 905
910 493
911 728
912 514
913 460
914 433
915 130
916 766
917 639
918 639
919 751
920 258
921 227
922 354
923 346
924 570
925 690
926 25
927 165
928 737
929 416
930 86
931 787
932 46
933 186
934 840
935 113
936 365
937 614
938 123
939 152
940 513
941 328
942 258
943 783
944 241
945 45
946 374
947 505
948 260
949 582
950 761
951 634
952 485
953 199
954 733
955 507
956 242
957 880
958 122
959 628
960 419
961 124
962 174
963 195
964 188
965 725
966 347
967 800
968 792
969 655
970 41
971 262
972 764
973 412
974 477
975 404
976 588
977 7
978 217
979 548
980 839
981 591
982 785
983 677
984 843
985 503
986 76
987 813
988 576
989 132
990 367
991 230
992 726
993 838
994 326
995 375
996 820
997 466
998 71
999 286
1000 234
1001 95
1002 68
1003 933
1004 675
1005 685
1006 212
1007 969
1008 850
1009 194
1010 39
1011 327
1012 240
1013 671
1014 678
1015 315
1016 989
1017 18
1018 752
1019 242
1020 953
1021 672
1022 144
1023 38
1024 343
1025 902
1026 953
1027 640
1028 436
1029 931
1030 315
1031 574
1032 249
1033 280
1034 430
1035 400
1036 571
1037 210
1038 624
1039 904
1040 134
1041 840
1042 179
1043 821
1044 410
1045 130
1046 26
1047 713
1048 75
1049 545
1050 383
1051 349
1052 244
1053 673
1054 771
1055 85
1056 1007
1057 611
1058 239
1059 175
1060 587
1061 214
1062 248
1063 273
1064 615
1065 328
1066 631
1067 233
1068 68
1069 420
1070 25
1071 125
1072 886
1073 256
1074 813
1075 899
1076 486
1077 488
1078 98
1079 625
1080 52
1081 53
1082 397
1083 214
1084 764
1085 238
1086 428
1087 911
1088 468
1089 774
1090 480
1091 388
1092 433
1093 504
1094 704
1095 578
1096 141
1097 184
1098 189
1099 178
1100 745
1101 743
1102 221
1103 286
1104 731
1105 929
1106 193
1107 1026
1108 433
1109 776
1110 225
1111 473
1112 1039
1113 820
1114 202
1115 258
1116 364
1117 429
1118 1050
1119 139
1120 479
1121 600
1122 17
1123 476
1124 500
1125 677
1126 805
1127 951
1128 371
1129 1008
1130 71
1131 244
1132 1089
1133 771
1134 510
1135 1008
1136 754
1137 260
1138 672
1139 928
1140 147
1141 640
1142 929
1143 202
1144 342
1145 854
1146 323
1147 822
1148 524
1149 828
1150 978
1151 1140
1152 1141
1153 831
1154 250
1155 573
1156 81
1157 729
1158 952
1159 1032
1160 589
1161 496
1162 706
1163 1100
1164 913
1165 508
1166 412
1167 1116
1168 90
1169 577
1170 981
1171 1005
1172 296
1173 550
1174 1084
1175 931
1176 1111
1177 21
1178 18
1179 236
1180 726
1181 336
1182 979
1183 634
1184 324
1185 995
1186 575
1187 222
1188 757
1189 916
1190 1115
1191 852
1192 1161
1193 663
1194 1015
1195 929
1196 767
1197 1162
1198 538
1199 583
1200 542
1201 320
1202 385
1203 1147
1204 662
1205 1103
1206 788
1207 517
1208 1169
1209 863
1210 960
1211 901
1212 398
1213 1109
1214 378
1215 245
1216 613
1217 686
1218 466
1219 772
1220 661
1221 181
1222 449
1223 498
1224 147
1225 311
1226 725
1227 86
1228 1186
1229 396
1230 1156
1231 609
1232 81
1233 904
1234 1045
1235 1146
1236 510
1237 139
1238 607
1239 528
1240 215
1241 910
1242 720
1243 232
1244 578
1245 1171
1246 608
1247 940
1248 117
1249 870
1250 601
1251 87
1252 2
1253 645
1254 403
1255 953
1256 650
1257 542
1258 1117
1259 367
1260 272
1261 687
1262 53
1263 326
1264 386
1265 306
1266 501
1267 434
1268 1078
1269 113
1270 921
1271 1025
1272 678
1273 664
1274 103
1275 895
1276 223
1277 613
1278 1071
1279 542
1280 482
1281 981
1282 411
1283 196
1284 836
1285 868
1286 236
1287 629
1288 993
1289 333
1290 1214
1291 92
1292 567
1293 491
1294 812
1295 445
1296 1245
1297 1238
1298 1032
1299 1109
1300 80
1301 651
1302 1047
1303 597
1304 20
1305 1229
1306 624
1307 1107
1308 907
1309 681
1310 1038
1311 884
1312 277
1313 769
1314 1095
1315 385
1316 511
1317 626
1318 1071
1319 1273
1320 37
1321 667
1322 491
1323 820
1324 1072
1325 1292
1326 248
1327 1081
1328 942
1329 540
1330 913
1331 765
1332 852
1333 171
1334 1065
1335 94
1336 775
1337 223
1338 1267
1339 381
1340 1310
1341 485
1342 906
1343 19
1344 395
1345 51
1346 1253
1347 347
1348 1113
1349 631
1350 881
1351 689
1352 637
1353 794
1354 800
1355 838
1356 861
1357 1173
1358 946
1359 735
1360 636
1361 668
1362 902
1363 686
1364 461
1365 670
1366 755
1367 580
1368 763
1369 773
1370 987
1371 1115
1372 283
1373 230
1374 351
1375 835
1376 105
1377 786
1378 204
1379 1243
1380 246
1381 342
1382 31
1383 652
1384 192
1385 1144
1386 928
1387 1005
1388 4
1389 220
1390 300
1391 583
1392 24
1393 622
1394 266
1395 133
1396 954
1397 500
1398 1315
1399 528
1400 1243
1401 406
1402 1293
1403 576
1404 64
1405 720
1406 584
1407 2
1408 834
1409 1224
1410 539
1411 1394
1412 893
1413 1273
1414 1224
1415 873
1416 774
1417 54
1418 1172
1419 377
1420 383
1421 607
1422 1262
1423 715
1424 1207
1425 793
1426 867
1427 445
1428 301
1429 729
1430 385
1431 1373
1432 1265
1433 803
1434 789
1435 688
1436 452
1437 651
1438 480
1439 389
1440 866
1441 283
1442 1088
1443 1406
1444 175
1445 126
1446 1230
1447 1138
1448 1426
1449 1212
1450 319
1451 738
1452 1419
1453 795
1454 552
1455 811
1456 787
1457 1110
1458 281
1459 1053
1460 520
1461 360
1462 760
1463 16
1464 357
1465 1116
1466 949
1467 140
1468 928
1469 1138
1470 1288
1471 59
1472 529
1473 20
1474 108
1475 1423
1476 318
1477 1274
1478 1371
1479 54
1480 20
1481 1378
1482 1246
1483 98
1484 255
1485 528
1486 648
1487 1096
1488 1220
1489 685
1490 882
1491 223
1492 678
1493 587
1494 135
1495 1236
1496 1405
1497 553
1498 759
1499 975
1500 796
1501 1334
1502 704
1503 192
1504 293
1505 1467
1506 257
1507 44
1508 220
1509 740
1510 262
1511 475
1512 919
1513 704
1514 315
1515 353
1516 860
1517 1214
1518 210
1519 1454
1520 1026
1521 694
1522 901
1523 49
1524 417
1525 924
1526 645
1527 725
1528 492
1529 1057
1530 685
1531 451
1532 1378
1533 375
1534 10
1535 1287
1536 8
1537 408
1538 786
1539 1022
1540 1356
1541 1078
1542 1540
1543 1524
1544 781
1545 93
1546 1351
1547 129
1548 953
1549 468
1550 935
1551 427
1552 1330
1553 265
1554 1041
1555 1506
1556 980
1557 1464
1558 147
1559 251
1560 622
1561 29
1562 1082
1563 147
1564 667
1565 597
1566 362
1567 1
1568 198
1569 594
1570 1298
1571 1286
1572 1051
1573 934
1574 179
1575 960
1576 483
1577 1539
1578 693
1579 73
1580 481
1581 1411
1582 991
1583 871
1584 560
1585 109
1586 665
1587 413
1588 499
1589 1066
1590 378
1591 887
1592 590
1593 302
1594 1458
1595 1121
1596 1312
1597 1584
1598 361
1599 254
1600 1474
1601 1107
1602 145
1603 54
1604 1516
1605 445
1606 675
1607 1439
1608 427
1609 872
1610 1008
1611 662
1612 754
1613 44
1614 468
1615 983
1616 1065
1617 1180
1618 693
1619 817
1620 567
1621 812
1622 1087
1623 334
1624 1335
1625 578
1626 1195
1627 1288
1628 1067
1629 863
1630 1102
1631 1043
1632 1128
1633 385
1634 698
1635 239
1636 1028
1637 143
1638 1359
1639 192
1640 1460
1641 1213
1642 50
1643 827
1644 236
1645 904
1646 763
1647 1507
1648 790
1649 1532
1650 63
1651 330
1652 1429
1653 568
1654 897
1655 1256
1656 370
1657 889
1658 1279
1659 673
1660 1210
1661 1264
1662 101
1663 674
1664 166
1665 581
1666 1511
1667 840
1668 1283
1669 1364
1670 1045
1671 6
1672 1453
1673 441
1674 1062
1675 588
1676 1457
1677 758
1678 1103
1679 619
1680 1161
1681 1414
1682 378
1683 122
1684 37
1685 1191
1686 1435
1687 380
1688 1587
1689 1357
1690 822
1691 726
1692 852
1693 177
1694 1624
1695 1064
1696 11
1697 583
1698 485
1699 1623
1700 533
1701 1144
1702 981
1703 1251
1704 538
1705 1246
1706 156
1707 1474
1708 179
1709 1297
1710 1442
1711 1199
1712 1015
1713 337
1714 816
1715 1579
1716 850
1717 209
1718 1005
1719 384
1720 1271
1721 1516
1722 63
1723 174
1724 492
1725 1067
1726 1117
1727 1652
1728 849
1729 1326
1730 1430
1731 674
1732 1513
1733 1678
1734 1061
1735 524
1736 521
1737 1026
1738 377
1739 513
1740 46
1741 316
1742 810
1743 1562
1744 74
1745 1591
1746 1155
1747 409
1748 515
1749 702
1750 450
1751 1003
1752 715
1753 1600
1754 446
1755 1116
1756 1088
1757 1526
1758 156
1759 1342
1760 1509
1761 1060
1762 62
1763 1588
1764 1600
1765 591
1766 794
1767 1414
1768 1393
1769 534
1770 384
1771 1371
1772 555
1773 808
1774 1738
1775 1527
1776 877
1777 526
1778 230
1779 726
1780 1361
1781 666
1782 275
1783 1758
1784 1011
1785 191
1786 65
1787 1132
1788 673
1789 65
1790 592
1791 1679
1792 1702
1793 1231
1794 556
1795 600
1796 567
1797 1583
1798 171
1799 425
1800 18
1801 874
1802 975
1803 1468
1804 1574
1805 381
1806 1579
1807 1342
1808 822
1809 479
1810 1283
1811 1087
1812 1744
1813 60
1814 990
1815 1497
1816 176
1817 417
1818 1701
1819 1487
1820 1465
1821 309
1822 1322
1823 1180
1824 570
1825 248
1826 1136
1827 189
1828 844
1829 1026
1830 614
1831 694
1832 1479
1833 1694
1834 1189
1835 281
1836 894
1837 1091
1838 1484
1839 998
1840 1387
1841 562
1842 299
1843 1629
1844 904
1845 1617
1846 1429
1847 941
1848 387
1849 272
1850 806
1851 1150
1852 1068
1853 1487
1854 477
1855 1095
1856 1287
1857 423
1858 283
1859 1177
1860 1162
1861 28
1862 983
1863 391
1864 802
1865 569
1866 743
1867 1220
1868 981
1869 1538
1870 342
1871 744
1872 425
1873 1167
1874 97
1875 1101
1876 1783
1877 274
1878 536
1879 357
1880 835
1881 83
1882 159
1883 1333
1884 1356
1885 1005
1886 1512
1887 730
1888 1150
1889 804
1890 58
1891 1558
1892 777
1893 1268
1894 933
1895 893
1896 1296
1897 213
1898 1111
1899 1001
1900 437
1901 1741
1902 1669
1903 1138
1904 142
1905 1214
1906 491
1907 371
1908 1896
1909 680
1910 1534
1911 844
1912 53
1913 697
1914 1604
1915 1637
1916 1514
1917 764
1918 836
1919 315
1920 1664
1921 1846
1922 1248
1923 696
1924 183
1925 1239
1926 28
1927 1381
1928 1865
1929 1800
1930 36
1931 1241
1932 1713
1933 1117
1934 1259
1935 1333
1936 1631
1937 1238
1938 1256
1939 222
1940 1250
1941 458
1942 646
1943 566
1944 319
1945 1435
1946 750
1947 599
1948 606
1949 495
1950 45
1951 1318
1952 391
1953 1094
1954 1669
1955 78
1956 1461
1957 945
1958 1734
1959 1891
1960 500
1961 1147
1962 1856
1963 807
1964 115
1965 246
1966 1082
1967 1727
1968 1941
1969 448
1970 844
1971 276
1972 1609
1973 979
1974 1172
1975 251
1976 980
1977 1505
1978 255
1979 943
1980 1000
1981 1680
1982 289
1983 1723
1984 793
1985 252
1986 572
1987 1986
1988 1123
1989 1218
1990 449
1991 1170
1992 1483
1993 598
1994 237
1995 1441
1996 1626
1997 1944
1998 94
1999 287
2000 1744
2001 1988
2002 1366
2003 426
2004 1075
2005 1874
2006 18
2007 586
2008 1288
2009 1779
2010 162
2011 1273
2012 1954
2013 605
2014 102
2015 760
2016 1082
2017 2016
2018 255
2019 454
2020 1930
2021 822
2022 503
2023 1868
2024 1845
2025 1648
2026 189
2027 1434
2028 1317
2029 3
2030 626
2031 954
2032 927
2033 1674
2034 1259
2035 1759
2036 223
2037 1100
2038 280
2039 336
2040 181
2041 1128
2042 1870
2043 288
2044 77
2045 1207
2046 1261
2047 1295
2048 1228
2049 378
2050 238
2051 1484
2052 2015
2053 1949
2054 1659
2055 1696
2056 192
2057 891
2058 1184
2059 1725
2060 296
2061 1694
2062 1567
2063 1864
2064 251
2065 1482
2066 1672
2067 1031
2068 1480
2069 1549
2070 529
2071 1853
2072 1784
2073 346
2074 252
2075 1925
2076 1495
2077 1838
2078 1551
2079 1848
2080 1034
2081 1042
2082 866
2083 1007
2084 426
2085 1294
2086 2047
2087 237
2088 240
2089 933
2090 1310
2091 464
2092 1296
2093 1147
2094 1613
2095 464
2096 1693
2097 763
2098 831
2099 331
2100 685
2101 265
2102 1835
2103 620
2104 284
2105 2031
