3345 1670
2 1
3 1
4 2
5 1
6 1
7 2
8 7
9 5
10 1
11 8
12 6
13 10
14 13
15 7
16 13
17 7
18 3
19 6
20 16
21 15
22 15
23 6
24 18
25 1
26 25
27 9
28 5
29 3
30 25
31 2
32 6
33 5
34 9
35 28
36 24
37 2
38 7
39 33
40 37
41 11
42 11
43 14
44 18
45 10
46 10
47 43
48 21
49 36
50 10
51 40
52 6
53 35
54 43
55 8
56 42
57 27
58 36
59 26
60 4
61 31
62 32
63 58
64 53
65 14
66 40
67 33
68 29
69 67
70 56
71 12
72 6
73 25
74 30
75 57
76 60
77 67
78 13
79 64
80 27
81 59
82 45
83 12
84 62
85 66
86 80
87 52
88 55
89 32
90 25
91 30
92 79
93 35
94 65
95 1
96 49
97 5
98 29
99 93
100 10
101 50
102 60
103 9
104 69
105 103
106 42
107 103
108 19
109 77
110 72
111 44
112 78
113 4
114 17
115 15
116 40
117 15
118 81
119 22
120 17
121 32
122 110
123 58
124 33
125 109
126 114
127 110
128 113
129 18
130 12
131 127
132 107
133 63
134 110
135 54
136 36
137 29
138 76
139 39
140 119
141 116
142 136
143 64
144 39
145 87
146 14
147 144
148 134
149 51
150 65
151 40
152 31
153 149
154 65
155 128
156 52
157 67
158 84
159 49
160 73
161 93
162 93
163 59
164 110
165 128
166 141
167 53
168 2
169 18
170 99
171 60
172 165
173 67
174 110
175 106
176 90
177 60
178 81
179 127
180 80
181 26
182 82
183 42
184 19
185 149
186 84
187 53
188 130
189 66
190 181
191 2
192 94
193 14
194 70
195 119
196 73
197 63
198 148
199 80
200 137
201 112
202 42
203 11
204 137
205 184
206 10
207 87
208 75
209 59
210 137
211 75
212 24
213 96
214 72
215 39
216 70
217 42
218 126
219 122
220 44
221 98
222 94
223 209
224 201
225 44
226 178
227 108
228 45
229 178
230 129
231 59
232 24
233 109
234 101
235 164
236 153
237 37
238 223
239 122
240 156
241 155
242 208
243 155
244 194
245 149
246 199
247 218
248 17
249 162
250 57
251 69
252 112
253 82
254 251
255 83
256 112
257 64
258 214
259 179
260 65
261 31
262 191
263 27
264 193
265 194
266 225
267 133
268 232
269 55
270 249
271 73
272 73
273 229
274 104
275 257
276 200
277 92
278 234
279 154
280 161
281 77
282 60
283 9
284 119
285 80
286 8
287 116
288 120
289 274
290 71
291 265
292 284
293 42
294 142
295 281
296 192
297 70
298 147
299 211
300 106
301 138
302 55
303 129
304 21
305 33
306 155
307 174
308 15
309 234
310 99
311 255
312 182
313 149
314 23
315 213
316 69
317 266
318 230
319 119
320 139
321 298
322 124
323 214
324 224
325 321
326 232
327 234
328 180
329 107
330 123
331 51
332 120
333 277
334 140
335 242
336 248
337 87
338 178
339 164
340 166
341 99
342 82
343 334
344 313
345 185
346 241
347 337
348 182
349 329
350 6
351 345
352 63
353 144
354 283
355 23
356 6
357 270
358 272
359 330
360 149
361 247
362 317
363 75
364 186
365 106
366 271
367 325
368 227
369 30
370 92
371 238
372 321
373 3
374 348
375 151
376 303
377 360
378 189
379 31
380 144
381 157
382 305
383 79
384 167
385 203
386 252
387 147
388 77
389 387
390 355
391 307
392 293
393 339
394 13
395 296
396 307
397 263
398 258
399 367
400 223
401 256
402 31
403 397
404 255
405 150
406 150
407 304
408 132
409 35
410 394
411 278
412 359
413 237
414 301
415 97
416 382
417 261
418 138
419 244
420 366
421 282
422 46
423 46
424 85
425 207
426 416
427 179
428 153
429 21
430 49
431 110
432 60
433 83
434 208
435 329
436 279
437 135
438 252
439 51
440 390
441 338
442 53
443 289
444 204
445 227
446 438
447 417
448 237
449 36
450 294
451 121
452 31
453 388
454 442
455 76
456 134
457 59
458 385
459 184
460 362
461 308
462 194
463 269
464 125
465 416
466 208
467 363
468 110
469 348
470 101
471 319
472 10
473 469
474 163
475 143
476 132
477 389
478 408
479 15
480 235
481 305
482 391
483 86
484 81
485 32
486 275
487 177
488 172
489 367
490 327
491 86
492 438
493 203
494 95
495 103
496 488
497 319
498 422
499 12
500 390
501 399
502 96
503 168
504 39
505 275
506 271
507 351
508 247
509 376
510 259
511 27
512 114
513 51
514 35
515 431
516 63
517 396
518 511
519 496
520 482
521 154
522 30
523 512
524 192
525 144
526 159
527 338
528 186
529 151
530 467
531 94
532 269
533 465
534 253
535 62
536 27
537 181
538 107
539 319
540 299
541 160
542 372
543 151
544 140
545 84
546 288
547 455
548 230
549 30
550 543
551 406
552 210
553 310
554 278
555 492
556 529
557 233
558 368
559 359
560 133
561 338
562 161
563 203
564 98
565 382
566 371
567 420
568 550
569 236
570 241
571 203
572 350
573 497
574 285
575 105
576 477
577 378
578 68
579 416
580 128
581 447
582 295
583 516
584 135
585 105
586 401
587 245
588 299
589 95
590 323
591 157
592 250
593 518
594 35
595 77
596 96
597 261
598 341
599 457
600 312
601 270
602 438
603 224
604 564
605 262
606 191
607 483
608 299
609 238
610 221
611 478
612 604
613 87
614 113
615 556
616 18
617 572
618 528
619 366
620 303
621 370
622 182
623 304
624 111
625 12
626 545
627 519
628 598
629 83
630 225
631 407
632 84
633 531
634 39
635 113
636 284
637 324
638 392
639 41
640 150
641 504
642 569
643 369
644 220
645 614
646 615
647 590
648 360
649 470
650 350
651 207
652 19
653 546
654 392
655 97
656 17
657 492
658 483
659 471
660 34
661 349
662 287
663 573
664 511
665 405
666 74
667 500
668 611
669 420
670 550
671 100
672 259
673 320
674 617
675 288
676 499
677 244
678 359
679 605
680 395
681 601
682 248
683 398
684 252
685 186
686 428
687 591
688 395
689 126
690 10
691 263
692 336
693 85
694 450
695 10
696 50
697 2
698 636
699 4
700 695
701 268
702 622
703 71
704 252
705 366
706 270
707 194
708 502
709 672
710 440
711 42
712 26
713 419
714 28
715 428
716 443
717 268
718 6
719 548
720 635
721 217
722 651
723 200
724 18
725 379
726 172
727 32
728 1
729 396
730 313
731 316
732 442
733 708
734 193
735 219
736 471
737 457
738 518
739 526
740 441
741 75
742 83
743 394
744 404
745 5
746 533
747 710
748 503
749 570
750 436
751 46
752 649
753 487
754 317
755 195
756 264
757 269
758 95
759 663
760 546
761 569
762 146
763 694
764 130
765 282
766 540
767 328
768 767
769 154
770 183
771 424
772 523
773 453
774 348
775 417
776 187
777 15
778 27
779 657
780 608
781 309
782 441
783 234
784 161
785 638
786 68
787 168
788 629
789 13
790 645
791 606
792 217
793 297
794 527
795 741
796 273
797 328
798 72
799 558
800 425
801 201
802 428
803 112
804 33
805 358
806 426
807 620
808 458
809 489
810 293
811 628
812 547
813 61
814 690
815 189
816 474
817 231
818 330
819 5
820 128
821 133
822 309
823 236
824 131
825 694
826 638
827 752
828 423
829 611
830 515
831 400
832 361
833 62
834 448
835 105
836 478
837 674
838 665
839 292
840 468
841 2
842 24
843 455
844 135
845 641
846 337
847 718
848 112
849 9
850 10
851 85
852 514
853 391
854 229
855 816
856 129
857 767
858 804
859 741
860 330
861 59
862 545
863 23
864 838
865 737
866 837
867 678
868 129
869 700
870 319
871 607
872 461
873 404
874 505
875 740
876 140
877 335
878 541
879 143
880 549
881 478
882 106
883 263
884 162
885 372
886 330
887 801
888 595
889 659
890 406
891 133
892 345
893 172
894 232
895 247
896 715
897 793
898 668
899 23
900 890
901 378
902 204
903 363
904 877
905 5
906 17
907 96
908 890
909 309
910 426
911 12
912 840
913 460
914 508
915 678
916 93
917 755
918 374
919 271
920 913
921 867
922 452
923 756
924 105
925 474
926 8
927 467
928 824
929 784
930 237
931 669
932 35
933 786
934 240
935 245
936 373
937 206
938 862
939 264
940 695
941 396
942 444
943 435
944 725
945 109
946 245
947 251
948 28
949 622
950 372
951 138
952 770
953 511
954 570
955 435
956 941
957 180
958 438
959 748
960 152
961 876
962 470
963 323
964 704
965 77
966 334
967 800
968 885
969 79
970 599
971 804
972 445
973 760
974 270
975 210
976 1
977 231
978 714
979 332
980 261
981 107
982 966
983 231
984 886
985 39
986 146
987 963
988 721
989 476
990 914
991 872
992 233
993 822
994 800
995 459
996 117
997 50
998 766
999 628
1000 803
1001 191
1002 395
1003 605
1004 591
1005 929
1006 431
1007 197
1008 20
1009 866
1010 795
1011 853
1012 455
1013 227
1014 181
1015 943
1016 918
1017 362
1018 95
1019 300
1020 672
1021 720
1022 192
1023 884
1024 775
1025 630
1026 741
1027 230
1028 606
1029 491
1030 780
1031 1008
1032 57
1033 520
1034 887
1035 492
1036 477
1037 350
1038 789
1039 606
1040 341
1041 536
1042 825
1043 709
1044 567
1045 1026
1046 3
1047 729
1048 329
1049 49
1050 937
1051 123
1052 529
1053 937
1054 413
1055 815
1056 446
1057 723
1058 493
1059 1003
1060 763
1061 262
1062 771
1063 377
1064 1052
1065 328
1066 1058
1067 681
1068 455
1069 712
1070 917
1071 1005
1072 707
1073 672
1074 948
1075 199
1076 713
1077 48
1078 5
1079 669
1080 137
1081 1053
1082 135
1083 152
1084 15
1085 462
1086 720
1087 117
1088 65
1089 822
1090 272
1091 978
1092 743
1093 656
1094 229
1095 876
1096 304
1097 768
1098 929
1099 352
1100 1058
1101 803
1102 169
1103 844
1104 294
1105 641
1106 905
1107 954
1108 858
1109 364
1110 275
1111 75
1112 283
1113 36
1114 17
1115 1000
1116 255
1117 229
1118 168
1119 539
1120 362
1121 232
1122 693
1123 512
1124 1072
1125 721
1126 543
1127 1111
1128 388
1129 504
1130 1110
1131 1062
1132 356
1133 215
1134 449
1135 568
1136 334
1137 196
1138 570
1139 986
1140 898
1141 228
1142 611
1143 1080
1144 1095
1145 494
1146 627
1147 250
1148 966
1149 968
1150 877
1151 1138
1152 287
1153 815
1154 558
1155 563
1156 316
1157 693
1158 49
1159 472
1160 588
1161 952
1162 51
1163 878
1164 95
1165 116
1166 675
1167 426
1168 688
1169 1
1170 338
1171 607
1172 330
1173 454
1174 173
1175 99
1176 40
1177 941
1178 534
1179 756
1180 235
1181 496
1182 85
1183 478
1184 1163
1185 1011
1186 1127
1187 742
1188 1050
1189 264
1190 452
1191 722
1192 79
1193 47
1194 792
1195 179
1196 431
1197 138
1198 1105
1199 459
1200 99
1201 48
1202 430
1203 1103
1204 43
1205 743
1206 629
1207 43
1208 867
1209 239
1210 920
1211 733
1212 249
1213 925
1214 268
1215 1167
1216 907
1217 478
1218 585
1219 1062
1220 349
1221 569
1222 851
1223 1030
1224 494
1225 975
1226 426
1227 546
1228 29
1229 988
1230 178
1231 1065
1232 1123
1233 616
1234 1046
1235 248
1236 537
1237 951
1238 356
1239 988
1240 1006
1241 1142
1242 834
1243 1130
1244 899
1245 411
1246 214
1247 696
1248 1177
1249 918
1250 1247
1251 1163
1252 400
1253 565
1254 1166
1255 215
1256 108
1257 974
1258 1145
1259 157
1260 876
1261 119
1262 499
1263 254
1264 579
1265 1042
1266 955
1267 294
1268 612
1269 513
1270 1079
1271 203
1272 490
1273 376
1274 1126
1275 887
1276 1142
1277 597
1278 59
1279 398
1280 671
1281 965
1282 187
1283 788
1284 199
1285 1284
1286 13
1287 973
1288 913
1289 213
1290 494
1291 58
1292 542
1293 963
1294 270
1295 357
1296 653
1297 886
1298 892
1299 709
1300 484
1301 951
1302 667
1303 965
1304 967
1305 461
1306 547
1307 759
1308 1245
1309 201
1310 347
1311 998
1312 624
1313 369
1314 309
1315 737
1316 83
1317 98
1318 601
1319 475
1320 547
1321 1227
1322 897
1323 1192
1324 482
1325 1224
1326 957
1327 163
1328 549
1329 44
1330 1075
1331 283
1332 416
1333 51
1334 486
1335 894
1336 1264
1337 327
1338 659
1339 561
1340 1131
1341 697
1342 1173
1343 85
1344 1028
1345 291
1346 801
1347 971
1348 808
1349 855
1350 417
1351 915
1352 514
1353 994
1354 43
1355 256
1356 1125
1357 21
1358 1352
1359 969
1360 25
1361 1068
1362 1109
1363 236
1364 319
1365 1174
1366 638
1367 942
1368 1051
1369 1325
1370 601
1371 853
1372 886
1373 810
1374 1120
1375 1365
1376 1152
1377 290
1378 702
1379 1273
1380 627
1381 1062
1382 93
1383 1278
1384 883
1385 664
1386 753
1387 1303
1388 730
1389 44
1390 267
1391 147
1392 1018
1393 270
1394 270
1395 387
1396 1234
1397 1372
1398 383
1399 148
1400 586
1401 582
1402 1169
1403 1066
1404 446
1405 8
1406 394
1407 102
1408 1016
1409 184
1410 1347
1411 206
1412 21
1413 821
1414 903
1415 997
1416 992
1417 1406
1418 762
1419 803
1420 32
1421 1151
1422 286
1423 119
1424 961
1425 777
1426 172
1427 409
1428 1184
1429 361
1430 800
1431 699
1432 1198
1433 219
1434 478
1435 1008
1436 541
1437 23
1438 64
1439 201
1440 247
1441 907
1442 500
1443 1194
1444 1328
1445 70
1446 891
1447 718
1448 1235
1449 396
1450 1396
1451 850
1452 55
1453 351
1454 33
1455 379
1456 140
1457 1206
1458 1097
1459 1175
1460 1358
1461 1200
1462 1320
1463 100
1464 1008
1465 916
1466 356
1467 738
1468 1282
1469 342
1470 1025
1471 1071
1472 644
1473 1348
1474 727
1475 91
1476 738
1477 174
1478 374
1479 518
1480 963
1481 1170
1482 272
1483 344
1484 908
1485 260
1486 31
1487 1414
1488 236
1489 589
1490 1144
1491 939
1492 44
1493 1083
1494 101
1495 1218
1496 1407
1497 481
1498 741
1499 613
1500 281
1501 1290
1502 1426
1503 1138
1504 65
1505 1387
1506 344
1507 1450
1508 1478
1509 1292
1510 1415
1511 1329
1512 1139
1513 848
1514 130
1515 1181
1516 692
1517 866
1518 372
1519 44
1520 638
1521 886
1522 663
1523 1115
1524 619
1525 1468
1526 159
1527 1053
1528 1436
1529 857
1530 7
1531 1165
1532 58
1533 827
1534 58
1535 99
1536 440
1537 1160
1538 63
1539 1128
1540 502
1541 1122
1542 1116
1543 266
1544 112
1545 333
1546 20
1547 441
1548 28
1549 1332
1550 1061
1551 479
1552 1415
1553 489
1554 1226
1555 396
1556 625
1557 152
1558 48
1559 1373
1560 1077
1561 997
1562 512
1563 1109
1564 169
1565 1289
1566 661
1567 1303
1568 149
1569 34
1570 875
1571 476
1572 1227
1573 1070
1574 190
1575 1574
1576 871
1577 43
1578 1079
1579 1461
1580 442
1581 135
1582 268
1583 169
1584 57
1585 109
1586 1214
1587 1399
1588 1238
1589 938
1590 691
1591 1039
1592 620
1593 1334
1594 171
1595 1117
1596 169
1597 664
1598 1104
1599 808
1600 1008
1601 515
1602 1538
1603 1042
1604 1247
1605 905
1606 545
1607 1225
1608 758
1609 1536
1610 1313
1611 52
1612 118
1613 616
1614 616
1615 1307
1616 1456
1617 252
1618 1185
1619 1175
1620 909
1621 1216
1622 1307
1623 1472
1624 1004
1625 1418
1626 163
1627 736
1628 970
1629 1267
1630 1616
1631 1233
1632 457
1633 1137
1634 21
1635 471
1636 378
1637 427
1638 484
1639 1180
1640 147
1641 205
1642 1339
1643 181
1644 802
1645 1188
1646 190
1647 1507
1648 556
1649 508
1650 134
1651 212
1652 1438
1653 668
1654 740
1655 520
1656 1397
1657 1281
1658 1583
1659 1223
1660 628
1661 1140
1662 262
1663 412
1664 721
1665 821
1666 537
1667 700
1668 1411
1669 1216
1670 129
1671 326
1672 191
1673 177
1674 169
1675 540
1676 1494
1677 274
1678 513
1679 191
1680 366
1681 886
1682 1561
1683 1186
1684 1460
1685 731
1686 673
1687 510
1688 1441
1689 1045
1690 261
1691 888
1692 1540
1693 341
1694 1044
1695 566
1696 936
1697 55
1698 335
1699 303
1700 1012
1701 308
1702 1177
1703 1287
1704 1493
1705 1142
1706 1504
1707 556
1708 1550
1709 1293
1710 127
1711 727
1712 1434
1713 65
1714 665
1715 845
1716 385
1717 649
1718 779
1719 422
1720 348
1721 156
1722 1434
1723 382
1724 855
1725 831
1726 952
1727 1276
1728 1037
1729 1502
1730 1675
1731 840
1732 104
1733 1630
1734 124
1735 660
1736 1067
1737 154
1738 279
1739 71
1740 1140
1741 1232
1742 1676
1743 1430
1744 92
1745 487
1746 1281
1747 1283
1748 1656
1749 546
1750 248
1751 851
1752 1331
1753 1384
1754 1011
1755 1096
1756 1190
1757 634
1758 1110
1759 890
1760 1024
1761 660
1762 715
1763 164
1764 1100
1765 123
1766 1678
1767 268
1768 1594
1769 406
1770 1249
1771 927
1772 1436
1773 1264
1774 791
1775 1181
1776 558
1777 110
1778 113
1779 1676
1780 1424
1781 550
1782 1727
1783 1674
1784 1618
1785 927
1786 1740
1787 1268
1788 1180
1789 49
1790 357
1791 1535
1792 78
1793 1727
1794 611
1795 1494
1796 1225
1797 739
1798 209
1799 519
1800 1737
1801 1298
1802 255
1803 1660
1804 503
1805 1633
1806 1575
1807 1756
1808 230
1809 559
1810 1382
1811 687
1812 1048
1813 84
1814 845
1815 51
1816 936
1817 97
1818 819
1819 345
1820 1263
1821 977
1822 1143
1823 1728
1824 800
1825 1448
1826 1151
1827 97
1828 1079
1829 498
1830 446
1831 1432
1832 1182
1833 854
1834 141
1835 1249
1836 1541
1837 1111
1838 992
1839 198
1840 586
1841 1298
1842 472
1843 199
1844 259
1845 473
1846 956
1847 1685
1848 1168
1849 488
1850 1251
1851 368
1852 771
1853 795
1854 428
1855 261
1856 1022
1857 279
1858 1603
1859 1801
1860 1496
1861 64
1862 519
1863 295
1864 352
1865 441
1866 1522
1867 1150
1868 1607
1869 926
1870 1593
1871 288
1872 1350
1873 719
1874 38
1875 1745
1876 271
1877 1458
1878 241
1879 903
1880 745
1881 643
1882 630
1883 477
1884 1054
1885 1725
1886 1071
1887 748
1888 500
1889 948
1890 1580
1891 1392
1892 4
1893 1676
1894 1554
1895 853
1896 757
1897 605
1898 627
1899 213
1900 1591
1901 429
1902 115
1903 1726
1904 1018
1905 1230
1906 1593
1907 113
1908 1545
1909 248
1910 463
1911 1350
1912 1545
1913 1409
1914 1075
1915 725
1916 1484
1917 416
1918 1408
1919 1569
1920 693
1921 38
1922 1802
1923 154
1924 984
1925 1767
1926 1286
1927 603
1928 1301
1929 592
1930 744
1931 13
1932 558
1933 1777
1934 283
1935 1415
1936 587
1937 1670
1938 1134
1939 1142
1940 947
1941 94
1942 457
1943 510
1944 1578
1945 443
1946 951
1947 1123
1948 486
1949 379
1950 1547
1951 292
1952 1513
1953 1654
1954 1176
1955 796
1956 54
1957 49
1958 1725
1959 177
1960 1399
1961 43
1962 5
1963 919
1964 459
1965 1254
1966 687
1967 1623
1968 273
1969 1504
1970 1660
1971 1144
1972 1069
1973 1247
1974 1732
1975 1927
1976 95
1977 793
1978 985
1979 451
1980 192
1981 1800
1982 471
1983 1711
1984 1355
1985 1068
1986 616
1987 376
1988 1482
1989 630
1990 1738
1991 804
1992 1061
1993 1398
1994 67
1995 1283
1996 813
1997 1112
1998 1013
1999 1117
2000 858
2001 1476
2002 510
2003 118
2004 1645
2005 366
2006 191
2007 366
2008 266
2009 1155
2010 973
2011 399
2012 261
2013 769
2014 465
2015 1058
2016 1547
2017 880
2018 1909
2019 808
2020 145
2021 350
2022 120
2023 1212
2024 1990
2025 1816
2026 1517
2027 1678
2028 771
2029 811
2030 1774
2031 1726
2032 488
2033 1370
2034 12
2035 1317
2036 1436
2037 1632
2038 994
2039 674
2040 1125
2041 400
2042 49
2043 1490
2044 790
2045 1159
2046 1309
2047 1167
2048 1660
2049 1130
2050 28
2051 54
2052 137
2053 1401
2054 1145
2055 1070
2056 168
2057 1131
2058 536
2059 1827
2060 81
2061 534
2062 643
2063 836
2064 1602
2065 1194
2066 338
2067 775
2068 613
2069 1925
2070 1320
2071 2045
2072 680
2073 1778
2074 281
2075 1247
2076 432
2077 1514
2078 1860
2079 1614
2080 1497
2081 1986
2082 889
2083 1733
2084 602
2085 478
2086 1546
2087 2047
2088 1974
2089 1053
2090 631
2091 744
2092 788
2093 1627
2094 502
2095 1344
2096 772
2097 299
2098 1843
2099 1879
2100 1936
2101 293
2102 506
2103 1690
2104 458
2105 1415
2106 65
2107 1032
2108 1559
2109 358
2110 1022
2111 51
2112 1534
2113 95
2114 698
2115 1187
2116 66
2117 1674
2118 1164
2119 143
2120 306
2121 1087
2122 376
2123 1788
2124 148
2125 1436
2126 1262
2127 5
2128 1019
2129 1158
2130 698
2131 1885
2132 306
2133 83
2134 264
2135 234
2136 1500
2137 1200
2138 53
2139 490
2140 1024
2141 86
2142 1790
2143 1542
2144 478
2145 170
2146 2119
2147 1044
2148 1823
2149 1601
2150 1222
2151 765
2152 952
2153 273
2154 1868
2155 1655
2156 2009
2157 1182
2158 1703
2159 1499
2160 478
2161 451
2162 1259
2163 1114
2164 1518
2165 1885
2166 113
2167 1003
2168 2143
2169 996
2170 1007
2171 1982
2172 442
2173 1799
2174 2018
2175 1433
2176 668
2177 779
2178 1180
2179 1810
2180 111
2181 1963
2182 2146
2183 794
2184 665
2185 1611
2186 1600
2187 68
2188 130
2189 352
2190 1499
2191 1088
2192 308
2193 1434
2194 513
2195 235
2196 1905
2197 13
2198 725
2199 1628
2200 1934
2201 573
2202 497
2203 1505
2204 664
2205 1369
2206 1529
2207 307
2208 391
2209 42
2210 257
2211 1188
2212 1921
2213 823
2214 1130
2215 1744
2216 1565
2217 1164
2218 2003
2219 1184
2220 1064
2221 788
2222 1769
2223 29
2224 347
2225 1987
2226 139
2227 1866
2228 436
2229 904
2230 1727
2231 570
2232 28
2233 1233
2234 229
2235 991
2236 344
2237 776
2238 1737
2239 153
2240 13
2241 815
2242 230
2243 365
2244 1423
2245 1211
2246 1886
2247 1418
2248 1428
2249 134
2250 55
2251 1429
2252 24
2253 852
2254 2140
2255 977
2256 2050
2257 1654
2258 855
2259 954
2260 1481
2261 1566
2262 2158
2263 1019
2264 1088
2265 818
2266 1766
2267 742
2268 1747
2269 184
2270 373
2271 142
2272 1408
2273 1761
2274 1165
2275 1787
2276 1898
2277 1077
2278 826
2279 2141
2280 424
2281 2071
2282 6
2283 1354
2284 2
2285 1277
2286 308
2287 453
2288 996
2289 1914
2290 227
2291 1816
2292 521
2293 1162
2294 1058
2295 450
2296 8
2297 2206
2298 1363
2299 573
2300 989
2301 1537
2302 31
2303 1234
2304 1819
2305 1929
2306 133
2307 1201
2308 1258
2309 702
2310 2059
2311 639
2312 1233
2313 848
2314 1293
2315 1925
2316 428
2317 559
2318 1231
2319 1854
2320 2262
2321 808
2322 71
2323 1308
2324 1067
2325 1666
2326 1682
2327 1082
2328 2318
2329 902
2330 2021
2331 1829
2332 1918
2333 646
2334 1537
2335 2013
2336 107
2337 367
2338 1072
2339 98
2340 1695
2341 1322
2342 1483
2343 1873
2344 1330
2345 296
2346 1740
2347 483
2348 2275
2349 1082
2350 821
2351 608
2352 556
2353 1000
2354 742
2355 1019
2356 378
2357 1316
2358 1236
2359 2033
2360 778
2361 689
2362 2300
2363 57
2364 1234
2365 2112
2366 179
2367 1076
2368 1343
2369 1627
2370 1931
2371 1920
2372 1951
2373 1757
2374 834
2375 7
2376 1188
2377 2249
2378 1608
2379 1179
2380 343
2381 46
2382 135
2383 1545
2384 1175
2385 2194
2386 725
2387 888
2388 1333
2389 441
2390 1448
2391 843
2392 804
2393 257
2394 1126
2395 1979
2396 1426
2397 63
2398 399
2399 2276
2400 669
2401 1877
2402 2124
2403 1124
2404 1790
2405 2342
2406 1833
2407 1322
2408 1764
2409 1769
2410 1189
2411 916
2412 313
2413 1498
2414 869
2415 2248
2416 369
2417 477
2418 305
2419 487
2420 1187
2421 29
2422 328
2423 2041
2424 1221
2425 828
2426 1339
2427 2268
2428 1842
2429 1791
2430 1180
2431 355
2432 1281
2433 2404
2434 1880
2435 2332
2436 1457
2437 190
2438 1597
2439 2057
2440 359
2441 1537
2442 61
2443 1314
2444 99
2445 1683
2446 1933
2447 1854
2448 2163
2449 1603
2450 1463
2451 1218
2452 471
2453 275
2454 2333
2455 534
2456 1999
2457 1459
2458 338
2459 401
2460 89
2461 2168
2462 1942
2463 1798
2464 763
2465 338
2466 196
2467 1961
2468 1518
2469 117
2470 218
2471 1902
2472 1891
2473 2289
2474 2142
2475 137
2476 198
2477 1877
2478 25
2479 745
2480 1794
2481 1178
2482 913
2483 48
2484 1638
2485 401
2486 1282
2487 2357
2488 223
2489 798
2490 2184
2491 2126
2492 2445
2493 1661
2494 2054
2495 2258
2496 26
2497 2469
2498 138
2499 1732
2500 596
2501 931
2502 1178
2503 276
2504 491
2505 1809
2506 1818
2507 2249
2508 1802
2509 1964
2510 1983
2511 1006
2512 1838
2513 1067
2514 528
2515 780
2516 2433
2517 77
2518 2264
2519 2352
2520 1250
2521 1389
2522 642
2523 1081
2524 2054
2525 123
2526 508
2527 733
2528 634
2529 1126
2530 1244
2531 725
2532 2166
2533 668
2534 2486
2535 181
2536 2470
2537 345
2538 205
2539 812
2540 1542
2541 380
2542 1567
2543 690
2544 969
2545 2014
2546 1162
2547 1213
2548 96
2549 2300
2550 539
2551 2237
2552 669
2553 1879
2554 319
2555 829
2556 730
2557 683
2558 900
2559 8
2560 1861
2561 1052
2562 1682
2563 1623
2564 1024
2565 1408
2566 1690
2567 512
2568 2288
2569 1880
2570 2077
2571 772
2572 731
2573 492
2574 2149
2575 351
2576 1006
2577 1962
2578 2222
2579 272
2580 703
2581 482
2582 263
2583 114
2584 2025
2585 2462
2586 1568
2587 1821
2588 2314
2589 2170
2590 348
2591 1750
2592 1325
2593 1425
2594 2187
2595 2459
2596 1378
2597 1586
2598 2240
2599 2342
2600 650
2601 1616
2602 2578
2603 2197
2604 889
2605 518
2606 2521
2607 1318
2608 1920
2609 25
2610 296
2611 553
2612 39
2613 2415
2614 703
2615 2488
2616 1980
2617 1672
2618 1243
2619 1530
2620 1311
2621 831
2622 23
2623 2189
2624 2249
2625 587
2626 1854
2627 1411
2628 516
2629 363
2630 595
2631 1143
2632 1461
2633 167
2634 1048
2635 1055
2636 2486
2637 224
2638 1666
2639 1964
2640 1187
2641 1969
2642 540
2643 1262
2644 349
2645 619
2646 299
2647 2397
2648 716
2649 2414
2650 621
2651 960
2652 1952
2653 2133
2654 2226
2655 840
2656 604
2657 1587
2658 1886
2659 2525
2660 1772
2661 235
2662 616
2663 276
2664 334
2665 2326
2666 1886
2667 2134
2668 867
2669 1223
2670 2473
2671 1201
2672 972
2673 91
2674 886
2675 1130
2676 1192
2677 749
2678 2388
2679 1667
2680 393
2681 2319
2682 724
2683 359
2684 854
2685 1223
2686 417
2687 2664
2688 750
2689 2097
2690 1330
2691 2358
2692 47
2693 1002
2694 1164
2695 746
2696 2021
2697 1428
2698 59
2699 1683
2700 910
2701 550
2702 868
2703 441
2704 2577
2705 2399
2706 1127
2707 2658
2708 1977
2709 1946
2710 134
2711 2410
2712 1478
2713 1549
2714 624
2715 2613
2716 1226
2717 2562
2718 1636
2719 1567
2720 2139
2721 141
2722 2562
2723 612
2724 2498
2725 2099
2726 2343
2727 559
2728 2722
2729 147
2730 1273
2731 1715
2732 509
2733 1163
2734 2075
2735 169
2736 1823
2737 2565
2738 251
2739 2524
2740 2038
2741 2514
2742 1383
2743 199
2744 1442
2745 2102
2746 1414
2747 612
2748 1356
2749 1966
2750 338
2751 142
2752 480
2753 2511
2754 331
2755 2653
2756 2185
2757 816
2758 1881
2759 1174
2760 1863
2761 2737
2762 14
2763 1236
2764 840
2765 1912
2766 1876
2767 1185
2768 1769
2769 1508
2770 323
2771 1257
2772 1127
2773 2105
2774 1018
2775 1898
2776 1917
2777 2228
2778 617
2779 2460
2780 1261
2781 667
2782 1384
2783 1401
2784 850
2785 2014
2786 21
2787 2393
2788 862
2789 2691
2790 2650
2791 536
2792 656
2793 1919
2794 2725
2795 1641
2796 998
2797 1186
2798 2149
2799 169
2800 1620
2801 2470
2802 2231
2803 2520
2804 2388
2805 275
2806 547
2807 1609
2808 2668
2809 2677
2810 1158
2811 733
2812 1271
2813 2484
2814 1894
2815 2554
2816 1012
2817 1571
2818 837
2819 1265
2820 1280
2821 1825
2822 1789
2823 2369
2824 2516
2825 189
2826 1131
2827 1187
2828 2027
2829 2037
2830 889
2831 2203
2832 1329
2833 545
2834 133
2835 697
2836 1151
2837 2235
2838 1485
2839 1454
2840 38
2841 2490
2842 1819
2843 1063
2844 231
2845 2691
2846 394
2847 223
2848 44
2849 2599
2850 494
2851 1733
2852 82
2853 1774
2854 881
2855 2279
2856 2518
2857 1307
2858 412
2859 1288
2860 1150
2861 25
2862 331
2863 1078
2864 2037
2865 974
2866 13
2867 707
2868 2304
2869 2062
2870 2419
2871 1678
2872 1428
2873 890
2874 2469
2875 1164
2876 2717
2877 806
2878 2574
2879 195
2880 739
2881 1199
2882 278
2883 186
2884 2593
2885 241
2886 1047
2887 1733
2888 843
2889 2376
2890 669
2891 2051
2892 1399
2893 1670
2894 1355
2895 1558
2896 2652
2897 1236
2898 693
2899 1483
2900 639
2901 1832
2902 150
2903 104
2904 1565
2905 1703
2906 219
2907 891
2908 1011
2909 986
2910 2011
2911 1632
2912 2712
2913 2758
2914 392
2915 1877
2916 1595
2917 2372
2918 2154
2919 648
2920 1516
2921 46
2922 452
2923 2184
2924 1207
2925 1023
2926 1583
2927 548
2928 2132
2929 2077
2930 200
2931 1225
2932 202
2933 1133
2934 930
2935 411
2936 236
2937 2927
2938 2827
2939 2623
2940 1223
2941 1755
2942 303
2943 2250
2944 1373
2945 115
2946 701
2947 1140
2948 1916
2949 2777
2950 2658
2951 1847
2952 1546
2953 1707
2954 713
2955 920
2956 1988
2957 1585
2958 2166
2959 523
2960 1528
2961 1999
2962 263
2963 1705
2964 2542
2965 1881
2966 765
2967 753
2968 1807
2969 867
2970 1711
2971 2723
2972 801
2973 2240
2974 457
2975 2638
2976 153
2977 893
2978 116
2979 2004
2980 2277
2981 1077
2982 2398
2983 1667
2984 39
2985 2672
2986 2093
2987 2504
2988 890
2989 2877
2990 980
2991 2313
2992 666
2993 2884
2994 1605
2995 2182
2996 2120
2997 11
2998 146
2999 2592
3000 2704
3001 1403
3002 496
3003 1855
3004 1772
3005 1523
3006 879
3007 1507
3008 2931
3009 1325
3010 2300
3011 996
3012 568
3013 2252
3014 1590
3015 760
3016 1816
3017 1037
3018 1279
3019 1328
3020 2145
3021 2468
3022 76
3023 2193
3024 1980
3025 2242
3026 1954
3027 2731
3028 212
3029 1621
3030 2047
3031 805
3032 1922
3033 2639
3034 767
3035 2507
3036 2368
3037 1410
3038 1126
3039 199
3040 1405
3041 43
3042 1981
3043 1656
3044 2604
3045 1426
3046 1856
3047 2662
3048 994
3049 921
3050 2950
3051 1805
3052 538
3053 961
3054 1969
3055 682
3056 2865
3057 2033
3058 1854
3059 2269
3060 472
3061 1797
3062 126
3063 2029
3064 2286
3065 2262
3066 1722
3067 1886
3068 2964
3069 1482
3070 915
3071 2763
3072 1571
3073 415
3074 1946
3075 175
3076 685
3077 1126
3078 2072
3079 404
3080 2292
3081 2582
3082 797
3083 1474
3084 1675
3085 2731
3086 2124
3087 3000
3088 2957
3089 1883
3090 665
3091 10
3092 2525
3093 684
3094 56
3095 1700
3096 359
3097 3074
3098 1600
3099 1121
3100 1261
3101 47
3102 2395
3103 1710
3104 2736
3105 112
3106 1532
3107 1250
3108 540
3109 1186
3110 737
3111 2633
3112 54
3113 282
3114 943
3115 1127
3116 2501
3117 3009
3118 1507
3119 92
3120 2008
3121 2359
3122 91
3123 731
3124 1948
3125 1057
3126 29
3127 2219
3128 1284
3129 353
3130 175
3131 1305
3132 450
3133 2173
3134 618
3135 956
3136 688
3137 1351
3138 399
3139 327
3140 2238
3141 3116
3142 1629
3143 755
3144 2135
3145 1302
3146 2301
3147 3099
3148 1374
3149 1308
3150 1423
3151 1777
3152 1174
3153 700
3154 742
3155 1333
3156 2337
3157 330
3158 55
3159 971
3160 2606
3161 2172
3162 1600
3163 2596
3164 2129
3165 2431
3166 547
3167 1090
3168 1945
3169 2797
3170 1490
3171 1843
3172 887
3173 1437
3174 1137
3175 2277
3176 344
3177 530
3178 1233
3179 2851
3180 2642
3181 1848
3182 1158
3183 1133
3184 1105
3185 2579
3186 1847
3187 1568
3188 1879
3189 2749
3190 484
3191 1364
3192 1255
3193 402
3194 157
3195 840
3196 1907
3197 1259
3198 913
3199 2568
3200 2773
3201 40
3202 2395
3203 61
3204 1053
3205 3073
3206 3089
3207 412
3208 805
3209 3110
3210 306
3211 2453
3212 420
3213 1185
3214 2195
3215 1869
3216 2944
3217 2964
3218 366
3219 479
3220 1364
3221 1848
3222 3137
3223 2753
3224 1910
3225 2365
3226 2119
3227 525
3228 1811
3229 2071
3230 1822
3231 2183
3232 1731
3233 1888
3234 943
3235 873
3236 2601
3237 983
3238 2880
3239 208
3240 1969
3241 1969
3242 2934
3243 3181
3244 1422
3245 2778
3246 3154
3247 3032
3248 1255
3249 1271
3250 2890
3251 814
3252 1043
3253 1053
3254 2495
3255 29
3256 2873
3257 195
3258 2459
3259 359
3260 2916
3261 792
3262 2679
3263 1622
3264 1231
3265 511
3266 2439
3267 1259
3268 659
3269 1641
3270 69
3271 1464
3272 3251
3273 1573
3274 1083
3275 1406
3276 1514
3277 1544
3278 2832
3279 610
3280 993
3281 2867
3282 2516
3283 222
3284 2762
3285 1740
3286 873
3287 346
3288 3130
3289 3102
3290 853
3291 1110
3292 391
3293 2169
3294 1609
3295 1819
3296 2686
3297 2955
3298 2110
3299 2174
3300 842
3301 1045
3302 2085
3303 521
3304 1335
3305 1448
3306 1025
3307 325
3308 1644
3309 2484
3310 2504
3311 1043
3312 999
3313 721
3314 796
3315 232
3316 1326
3317 791
3318 12
3319 1835
3320 3260
3321 804
3322 2065
3323 3080
3324 1383
3325 2804
3326 1314
3327 889
3328 474
3329 2190
3330 402
3331 1933
3332 791
3333 336
3334 565
3335 839
3336 1560
3337 3147
3338 2969
3339 855
3340 2160
3341 3064
3342 1640
3343 924
3344 3302
3345 538
