3747 1875
2 1
3 1
4 1
5 3
6 1
7 4
8 5
9 7
10 5
11 2
12 10
13 8
14 9
15 1
16 10
17 9
18 9
19 6
20 12
21 9
22 10
23 4
24 5
25 11
26 11
27 17
28 16
29 9
30 3
31 22
32 18
33 23
34 33
35 16
36 32
37 36
38 20
39 19
40 34
41 21
42 38
43 16
44 5
45 24
46 5
47 9
48 3
49 6
50 7
51 16
52 4
53 29
54 51
55 24
56 13
57 53
58 36
59 18
60 38
61 49
62 20
63 34
64 12
65 64
66 11
67 5
68 45
69 17
70 17
71 56
72 7
73 3
74 34
75 43
76 22
77 21
78 74
79 22
80 2
81 77
82 48
83 76
84 58
85 68
86 82
87 20
88 10
89 50
90 52
91 46
92 68
93 13
94 31
95 27
96 22
97 55
98 12
99 81
100 64
101 76
102 69
103 69
104 79
105 9
106 93
107 33
108 5
109 27
110 53
111 68
112 13
113 22
114 42
115 55
116 82
117 93
118 48
119 112
120 98
121 2
122 113
123 12
124 104
125 107
126 75
127 2
128 111
129 68
130 81
131 1
132 79
133 85
134 106
135 16
136 93
137 39
138 136
139 19
140 65
141 70
142 18
143 134
144 141
145 121
146 55
147 32
148 102
149 65
150 35
151 126
152 89
153 135
154 97
155 32
156 30
157 69
158 68
159 11
160 60
161 47
162 20
163 119
164 79
165 10
166 14
167 113
168 36
169 20
170 150
171 80
172 54
173 153
174 164
175 126
176 144
177 158
178 24
179 33
180 142
181 96
182 32
183 112
184 68
185 71
186 72
187 99
188 128
189 24
190 86
191 74
192 168
193 64
194 41
195 11
196 83
197 49
198 40
199 144
200 113
201 34
202 139
203 65
204 131
205 150
206 187
207 91
208 22
209 109
210 21
211 169
212 160
213 34
214 157
215 87
216 202
217 20
218 91
219 66
220 25
221 92
222 137
223 29
224 128
225 158
226 71
227 16
228 198
229 60
230 138
231 217
232 120
233 143
234 30
235 80
236 136
237 223
238 108
239 48
240 18
241 157
242 164
243 91
244 186
245 7
246 100
247 6
248 138
249 12
250 104
251 243
252 248
253 104
254 221
255 21
256 224
257 242
258 40
259 45
260 100
261 65
262 100
263 193
264 132
265 260
266 240
267 229
268 137
269 25
270 176
271 95
272 19
273 87
274 96
275 131
276 15
277 46
278 163
279 240
280 14
281 63
282 145
283 223
284 116
285 198
286 230
287 102
288 74
289 164
290 224
291 41
292 97
293 28
294 133
295 161
296 22
297 72
298 273
299 95
300 103
301 276
302 72
303 149
304 242
305 147
306 262
307 162
308 254
309 296
310 299
311 49
312 79
313 159
314 305
315 235
316 107
317 316
318 150
319 221
320 299
321 92
322 95
323 52
324 296
325 275
326 238
327 22
328 111
329 37
330 129
331 55
332 227
333 67
334 326
335 22
336 269
337 201
338 281
339 12
340 331
341 105
342 28
343 70
344 342
345 267
346 267
347 167
348 257
349 171
350 68
351 237
352 226
353 98
354 137
355 69
356 128
357 36
358 205
359 202
360 101
361 281
362 312
363 245
364 285
365 240
366 140
367 229
368 347
369 160
370 138
371 338
372 80
373 93
374 339
375 15
376 179
377 58
378 367
379 47
380 18
381 311
382 274
383 77
384 104
385 253
386 212
387 139
388 260
389 293
390 245
391 37
392 67
393 45
394 275
395 306
396 386
397 225
398 127
399 315
400 24
401 322
402 289
403 339
404 101
405 376
406 120
407 102
408 350
409 301
410 317
411 134
412 17
413 15
414 237
415 233
416 309
417 247
418 222
419 164
420 119
421 8
422 380
423 310
424 6
425 193
426 147
427 85
428 270
429 231
430 310
431 428
432 178
433 21
434 86
435 411
436 317
437 201
438 281
439 95
440 431
441 132
442 59
443 427
444 20
445 377
446 226
447 113
448 60
449 150
450 283
451 39
452 100
453 66
454 176
455 230
456 399
457 13
458 446
459 180
460 148
461 278
462 421
463 135
464 296
465 338
466 80
467 129
468 369
469 26
470 321
471 469
472 210
473 175
474 111
475 153
476 190
477 223
478 264
479 59
480 6
481 259
482 338
483 360
484 337
485 374
486 406
487 289
488 180
489 369
490 242
491 284
492 275
493 325
494 141
495 361
496 131
497 129
498 16
499 116
500 333
501 429
502 154
503 380
504 199
505 277
506 27
507 233
508 241
509 346
510 229
511 181
512 155
513 485
514 254
515 293
516 64
517 242
518 64
519 130
520 305
521 148
522 283
523 90
524 380
525 230
526 498
527 306
528 385
529 265
530 60
531 472
532 133
533 19
534 84
535 100
536 165
537 415
538 197
539 73
540 441
541 450
542 264
543 509
544 34
545 230
546 300
547 383
548 325
549 220
550 451
551 100
552 171
553 72
554 280
555 46
556 172
557 215
558 552
559 485
560 120
561 420
562 152
563 485
564 24
565 548
566 200
567 482
568 254
569 526
570 182
571 399
572 384
573 567
574 318
575 283
576 283
577 556
578 188
579 28
580 454
581 273
582 76
583 224
584 483
585 43
586 261
587 375
588 196
589 149
590 493
591 271
592 439
593 584
594 287
595 197
596 129
597 499
598 212
599 465
600 560
601 160
602 219
603 584
604 28
605 128
606 300
607 97
608 502
609 160
610 102
611 98
612 171
613 581
614 515
615 64
616 285
617 46
618 110
619 44
620 222
621 492
622 99
623 372
624 485
625 334
626 538
627 551
628 224
629 245
630 487
631 367
632 356
633 445
634 293
635 117
636 604
637 590
638 540
639 621
640 49
641 426
642 533
643 513
644 575
645 424
646 279
647 86
648 501
649 136
650 338
651 101
652 426
653 548
654 570
655 555
656 655
657 350
658 392
659 555
660 509
661 483
662 257
663 335
664 597
665 527
666 200
667 408
668 119
669 518
670 602
671 176
672 96
673 338
674 505
675 574
676 604
677 530
678 346
679 69
680 429
681 627
682 260
683 286
684 634
685 384
686 419
687 565
688 306
689 432
690 603
691 389
692 291
693 295
694 234
695 172
696 524
697 92
698 634
699 476
700 533
701 138
702 111
703 127
704 506
705 352
706 386
707 172
708 412
709 662
710 335
711 210
712 145
713 341
714 144
715 342
716 592
717 714
718 79
719 532
720 571
721 411
722 533
723 478
724 688
725 689
726 68
727 16
728 474
729 22
730 220
731 680
732 482
733 22
734 207
735 605
736 150
737 443
738 558
739 320
740 175
741 173
742 578
743 242
744 57
745 119
746 707
747 702
748 285
749 448
750 395
751 274
752 310
753 425
754 453
755 231
756 263
757 15
758 159
759 245
760 472
761 715
762 649
763 316
764 285
765 576
766 637
767 554
768 273
769 332
770 148
771 28
772 599
773 667
774 127
775 209
776 277
777 761
778 271
779 69
780 460
781 767
782 307
783 682
784 103
785 256
786 54
787 452
788 236
789 287
790 11
791 484
792 625
793 395
794 141
795 479
796 333
797 714
798 506
799 644
800 599
801 731
802 415
803 722
804 358
805 300
806 550
807 258
808 370
809 259
810 805
811 426
812 327
813 555
814 331
815 589
816 289
817 9
818 806
819 535
820 666
821 543
822 288
823 684
824 21
825 624
826 124
827 734
828 301
829 9
830 387
831 686
832 355
833 688
834 369
835 311
836 17
837 708
838 617
839 492
840 330
841 132
842 396
843 335
844 102
845 607
846 278
847 606
848 582
849 75
850 424
851 237
852 22
853 841
854 714
855 574
856 332
857 273
858 162
859 73
860 631
861 725
862 724
863 253
864 476
865 51
866 780
867 706
868 368
869 762
870 355
871 537
872 401
873 526
874 738
875 298
876 25
877 169
878 207
879 543
880 515
881 816
882 129
883 741
884 879
885 306
886 402
887 189
888 23
889 573
890 525
891 259
892 565
893 486
894 512
895 165
896 890
897 587
898 890
899 195
900 162
901 404
902 580
903 699
904 120
905 407
906 329
907 700
908 76
909 215
910 199
911 128
912 701
913 174
914 716
915 358
916 507
917 869
918 588
919 527
920 632
921 749
922 475
923 818
924 52
925 24
926 374
927 743
928 217
929 450
930 838
931 255
932 118
933 712
934 392
935 797
936 853
937 80
938 34
939 826
940 45
941 806
942 857
943 19
944 270
945 271
946 269
947 655
948 243
949 644
950 293
951 696
952 656
953 329
954 497
955 765
956 423
957 370
958 829
959 36
960 113
961 734
962 389
963 149
964 361
965 811
966 228
967 800
968 860
969 897
970 258
971 448
972 867
973 422
974 138
975 150
976 640
977 921
978 89
979 144
980 436
981 353
982 592
983 429
984 633
985 561
986 962
987 141
988 336
989 830
990 315
991 200
992 152
993 840
994 391
995 13
996 518
997 680
998 574
999 472
1000 138
1001 641
1002 719
1003 121
1004 772
1005 951
1006 439
1007 383
1008 362
1009 740
1010 449
1011 23
1012 949
1013 81
1014 195
1015 23
1016 1015
1017 324
1018 847
1019 362
1020 686
1021 666
1022 162
1023 60
1024 301
1025 40
1026 451
1027 26
1028 206
1029 761
1030 800
1031 882
1032 245
1033 218
1034 610
1035 210
1036 588
1037 92
1038 681
1039 384
1040 977
1041 298
1042 743
1043 763
1044 260
1045 1020
1046 682
1047 271
1048 616
1049 371
1050 576
1051 979
1052 617
1053 1015
1054 731
1055 509
1056 154
1057 741
1058 868
1059 593
1060 784
1061 208
1062 198
1063 793
1064 959
1065 1018
1066 404
1067 345
1068 325
1069 602
1070 437
1071 165
1072 615
1073 1026
1074 569
1075 781
1076 1000
1077 66
1078 187
1079 673
1080 6
1081 23
1082 759
1083 202
1084 49
1085 992
1086 1069
1087 201
1088 753
1089 552
1090 766
1091 936
1092 667
1093 206
1094 348
1095 938
1096 1007
1097 2
1098 716
1099 272
1100 420
1101 265
1102 162
1103 666
1104 688
1105 243
1106 295
1107 482
1108 1016
1109 830
1110 674
1111 329
1112 511
1113 974
1114 577
1115 26
1116 107
1117 543
1118 135
1119 821
1120 433
1121 922
1122 795
1123 360
1124 198
1125 779
1126 628
1127 1
1128 1052
1129 98
1130 351
1131 1130
1132 1047
1133 937
1134 812
1135 750
1136 683
1137 486
1138 736
1139 264
1140 984
1141 410
1142 844
1143 334
1144 105
1145 368
1146 1123
1147 1010
1148 508
1149 302
1150 549
1151 276
1152 317
1153 865
1154 909
1155 1007
1156 1041
1157 439
1158 378
1159 844
1160 352
1161 474
1162 1063
1163 198
1164 1153
1165 310
1166 890
1167 690
1168 902
1169 211
1170 623
1171 615
1172 1170
1173 1136
1174 219
1175 1061
1176 461
1177 327
1178 1154
1179 90
1180 762
1181 350
1182 608
1183 908
1184 545
1185 261
1186 506
1187 212
1188 689
1189 1146
1190 92
1191 810
1192 113
1193 369
1194 993
1195 907
1196 801
1197 364
1198 916
1199 493
1200 451
1201 66
1202 81
1203 29
1204 818
1205 965
1206 837
1207 271
1208 609
1209 1073
1210 1163
1211 317
1212 1209
1213 515
1214 537
1215 891
1216 116
1217 272
1218 181
1219 446
1220 700
1221 547
1222 1215
1223 194
1224 926
1225 617
1226 341
1227 920
1228 275
1229 734
1230 558
1231 343
1232 852
1233 970
1234 1157
1235 1000
1236 332
1237 357
1238 793
1239 16
1240 1029
1241 568
1242 1138
1243 1028
1244 1229
1245 393
1246 869
1247 1096
1248 1145
1249 200
1250 612
1251 823
1252 709
1253 763
1254 1067
1255 159
1256 1066
1257 760
1258 1135
1259 543
1260 507
1261 125
1262 1256
1263 634
1264 169
1265 1028
1266 490
1267 768
1268 950
1269 1139
1270 295
1271 557
1272 205
1273 1146
1274 93
1275 1163
1276 1096
1277 79
1278 29
1279 68
1280 695
1281 1143
1282 692
1283 340
1284 1028
1285 354
1286 23
1287 895
1288 1238
1289 831
1290 473
1291 580
1292 262
1293 329
1294 769
1295 461
1296 1079
1297 728
1298 1288
1299 351
1300 386
1301 1297
1302 108
1303 361
1304 716
1305 79
1306 580
1307 171
1308 1238
1309 879
1310 1119
1311 1038
1312 1216
1313 323
1314 551
1315 1111
1316 920
1317 544
1318 722
1319 1117
1320 303
1321 869
1322 376
1323 42
1324 688
1325 762
1326 924
1327 249
1328 635
1329 270
1330 1116
1331 659
1332 962
1333 1085
1334 359
1335 858
1336 1
1337 641
1338 91
1339 447
1340 849
1341 139
1342 705
1343 1185
1344 14
1345 149
1346 332
1347 37
1348 701
1349 1329
1350 841
1351 47
1352 1116
1353 1156
1354 86
1355 1182
1356 673
1357 639
1358 531
1359 1259
1360 1203
1361 910
1362 732
1363 512
1364 173
1365 936
1366 602
1367 364
1368 742
1369 175
1370 737
1371 1277
1372 294
1373 552
1374 1113
1375 649
1376 59
1377 1300
1378 451
1379 1257
1380 272
1381 120
1382 1012
1383 842
1384 1076
1385 858
1386 1064
1387 3
1388 260
1389 1358
1390 1180
1391 689
1392 866
1393 1376
1394 67
1395 99
1396 652
1397 1162
1398 638
1399 1232
1400 1399
1401 384
1402 608
1403 690
1404 819
1405 1166
1406 840
1407 126
1408 1163
1409 618
1410 569
1411 788
1412 317
1413 1159
1414 1096
1415 235
1416 840
1417 1376
1418 869
1419 971
1420 315
1421 1249
1422 1384
1423 1377
1424 709
1425 1147
1426 423
1427 1337
1428 369
1429 775
1430 770
1431 921
1432 1022
1433 181
1434 398
1435 1266
1436 380
1437 1285
1438 102
1439 837
1440 707
1441 1245
1442 974
1443 612
1444 805
1445 244
1446 19
1447 590
1448 802
1449 1334
1450 1090
1451 978
1452 864
1453 1081
1454 1124
1455 865
1456 845
1457 920
1458 729
1459 145
1460 1342
1461 822
1462 1264
1463 1114
1464 20
1465 646
1466 1139
1467 228
1468 459
1469 84
1470 148
1471 721
1472 800
1473 1014
1474 1410
1475 569
1476 674
1477 120
1478 976
1479 1010
1480 543
1481 1404
1482 257
1483 1364
1484 59
1485 1118
1486 923
1487 80
1488 194
1489 511
1490 477
1491 1239
1492 1147
1493 497
1494 837
1495 292
1496 253
1497 803
1498 699
1499 833
1500 167
1501 1268
1502 429
1503 1112
1504 396
1505 1181
1506 477
1507 764
1508 1425
1509 946
1510 1277
1511 1425
1512 336
1513 122
1514 592
1515 939
1516 881
1517 776
1518 873
1519 590
1520 1048
1521 1112
1522 17
1523 173
1524 115
1525 666
1526 432
1527 1367
1528 1003
1529 467
1530 1264
1531 649
1532 589
1533 1361
1534 28
1535 269
1536 455
1537 570
1538 799
1539 432
1540 1102
1541 420
1542 92
1543 862
1544 763
1545 1135
1546 1477
1547 1023
1548 629
1549 1394
1550 979
1551 587
1552 470
1553 299
1554 1076
1555 74
1556 261
1557 1422
1558 761
1559 67
1560 760
1561 495
1562 189
1563 1419
1564 1281
1565 1135
1566 863
1567 93
1568 1362
1569 1076
1570 506
1571 1020
1572 75
1573 1520
1574 1554
1575 132
1576 1222
1577 109
1578 732
1579 479
1580 1078
1581 377
1582 992
1583 1043
1584 1078
1585 1359
1586 1053
1587 1543
1588 1270
1589 36
1590 1332
1591 1421
1592 544
1593 488
1594 1364
1595 723
1596 203
1597 926
1598 1281
1599 178
1600 924
1601 181
1602 171
1603 968
1604 329
1605 903
1606 1343
1607 381
1608 508
1609 610
1610 3
1611 324
1612 302
1613 914
1614 1510
1615 295
1616 1218
1617 814
1618 1333
1619 417
1620 1593
1621 1102
1622 1016
1623 554
1624 285
1625 676
1626 1324
1627 1264
1628 1425
1629 505
1630 748
1631 1223
1632 1082
1633 1123
1634 538
1635 1005
1636 726
1637 1545
1638 844
1639 478
1640 1011
1641 1311
1642 55
1643 1131
1644 1409
1645 1158
1646 629
1647 551
1648 386
1649 1454
1650 699
1651 522
1652 1379
1653 1554
1654 1646
1655 1426
1656 739
1657 1091
1658 1427
1659 1079
1660 193
1661 26
1662 458
1663 558
1664 1136
1665 1255
1666 1549
1667 648
1668 838
1669 118
1670 1236
1671 1636
1672 602
1673 515
1674 1224
1675 1342
1676 877
1677 1208
1678 305
1679 993
1680 8
1681 856
1682 754
1683 394
1684 1641
1685 1573
1686 643
1687 1482
1688 576
1689 167
1690 681
1691 72
1692 315
1693 615
1694 1123
1695 1490
1696 1377
1697 1065
1698 1630
1699 1043
1700 837
1701 266
1702 1494
1703 821
1704 1527
1705 424
1706 860
1707 426
1708 221
1709 847
1710 789
1711 443
1712 632
1713 1475
1714 676
1715 1217
1716 1314
1717 471
1718 873
1719 1652
1720 312
1721 782
1722 709
1723 616
1724 435
1725 1089
1726 1355
1727 1686
1728 161
1729 1488
1730 1204
1731 386
1732 1674
1733 912
1734 1671
1735 1374
1736 788
1737 1596
1738 706
1739 107
1740 1350
1741 238
1742 1339
1743 178
1744 682
1745 249
1746 243
1747 1457
1748 95
1749 836
1750 1234
1751 781
1752 75
1753 1514
1754 291
1755 690
1756 1511
1757 1132
1758 1069
1759 1240
1760 910
1761 1446
1762 1616
1763 1720
1764 1298
1765 429
1766 1566
1767 798
1768 1066
1769 344
1770 402
1771 553
1772 1109
1773 526
1774 182
1775 905
1776 1650
1777 1200
1778 1062
1779 958
1780 1059
1781 104
1782 450
1783 432
1784 1351
1785 1601
1786 318
1787 222
1788 391
1789 1627
1790 327
1791 1697
1792 1640
1793 1649
1794 835
1795 1280
1796 819
1797 1629
1798 721
1799 239
1800 1024
1801 1276
1802 396
1803 1770
1804 738
1805 827
1806 191
1807 1162
1808 174
1809 497
1810 1471
1811 1425
1812 494
1813 1530
1814 882
1815 1509
1816 547
1817 467
1818 1788
1819 477
1820 1055
1821 911
1822 1572
1823 1574
1824 1447
1825 506
1826 460
1827 1545
1828 601
1829 1024
1830 712
1831 66
1832 348
1833 680
1834 777
1835 649
1836 125
1837 789
1838 478
1839 1256
1840 1299
1841 372
1842 1428
1843 1311
1844 805
1845 1511
1846 962
1847 329
1848 819
1849 938
1850 853
1851 1742
1852 1080
1853 1129
1854 1178
1855 267
1856 1166
1857 1737
1858 171
1859 1479
1860 104
1861 1582
1862 667
1863 775
1864 1324
1865 1787
1866 1014
1867 1462
1868 855
1869 768
1870 1821
1871 1380
1872 1011
1873 1217
1874 102
1875 1489
1876 1280
1877 1752
1878 895
1879 1511
1880 1803
1881 1557
1882 744
1883 167
1884 1816
1885 831
1886 715
1887 1464
1888 1104
1889 550
1890 976
1891 870
1892 475
1893 1690
1894 1712
1895 567
1896 1768
1897 1447
1898 6
1899 925
1900 116
1901 1547
1902 957
1903 1832
1904 1274
1905 448
1906 638
1907 651
1908 1245
1909 734
1910 1508
1911 818
1912 1370
1913 1523
1914 1701
1915 1177
1916 720
1917 402
1918 330
1919 1617
1920 844
1921 1112
1922 1659
1923 1004
1924 381
1925 1421
1926 1582
1927 281
1928 488
1929 746
1930 1388
1931 655
1932 680
1933 1063
1934 1704
1935 1875
1936 1246
1937 1032
1938 182
1939 678
1940 512
1941 1072
1942 427
1943 662
1944 483
1945 933
1946 144
1947 769
1948 15
1949 1153
1950 1715
1951 1494
1952 1132
1953 1704
1954 1893
1955 1510
1956 415
1957 1115
1958 1786
1959 1911
1960 721
1961 1813
1962 1352
1963 1481
1964 242
1965 908
1966 408
1967 265
1968 1814
1969 562
1970 584
1971 816
1972 691
1973 925
1974 952
1975 683
1976 350
1977 627
1978 658
1979 1499
1980 1929
1981 1442
1982 173
1983 39
1984 617
1985 158
1986 1937
1987 698
1988 577
1989 152
1990 705
1991 320
1992 582
1993 672
1994 1863
1995 389
1996 1553
1997 1570
1998 932
1999 433
2000 963
2001 1014
2002 1567
2003 1690
2004 233
2005 1900
2006 1994
2007 1866
2008 504
2009 1013
2010 1126
2011 903
2012 184
2013 1483
2014 85
2015 1818
2016 772
2017 578
2018 1561
2019 482
2020 1628
2021 320
2022 9
2023 84
2024 1774
2025 362
2026 23
2027 1866
2028 1892
2029 409
2030 1763
2031 134
2032 932
2033 252
2034 1729
2035 543
2036 1956
2037 246
2038 810
2039 1098
2040 27
2041 1490
2042 794
2043 1450
2044 734
2045 1221
2046 1231
2047 1323
2048 1168
2049 540
2050 1805
2051 874
2052 1701
2053 727
2054 1220
2055 968
2056 279
2057 941
2058 1283
2059 1455
2060 1183
2061 1204
2062 782
2063 558
2064 370
2065 1292
2066 154
2067 955
2068 1254
2069 1819
2070 1458
2071 1873
2072 1876
2073 2028
2074 1394
2075 247
2076 493
2077 988
2078 2004
2079 1038
2080 1112
2081 148
2082 933
2083 1425
2084 404
2085 1180
2086 1775
2087 1173
2088 389
2089 295
2090 1738
2091 1390
2092 228
2093 2045
2094 967
2095 446
2096 1318
2097 157
2098 1263
2099 1811
2100 791
2101 1787
2102 582
2103 346
2104 238
2105 1017
2106 1658
2107 1082
2108 430
2109 648
2110 1724
2111 725
2112 1560
2113 209
2114 802
2115 551
2116 861
2117 1636
2118 651
2119 1255
2120 1263
2121 537
2122 1187
2123 2066
2124 1356
2125 1090
2126 1925
2127 1875
2128 465
2129 72
2130 250
2131 225
2132 1765
2133 213
2134 1254
2135 332
2136 1119
2137 474
2138 2126
2139 1654
2140 967
2141 1896
2142 1946
2143 1260
2144 1858
2145 316
2146 1434
2147 1426
2148 584
2149 1307
2150 154
2151 785
2152 277
2153 2107
2154 1398
2155 381
2156 1875
2157 1908
2158 279
2159 911
2160 2134
2161 133
2162 1199
2163 742
2164 1511
2165 1931
2166 785
2167 569
2168 890
2169 262
2170 1391
2171 1936
2172 230
2173 1041
2174 815
2175 67
2176 301
2177 1981
2178 523
2179 840
2180 812
2181 253
2182 1717
2183 1520
2184 541
2185 181
2186 290
2187 1124
2188 1188
2189 1894
2190 52
2191 552
2192 1855
2193 1500
2194 1224
2195 2147
2196 560
2197 251
2198 695
2199 790
2200 104
2201 2119
2202 1329
2203 947
2204 510
2205 375
2206 1185
2207 2141
2208 1026
2209 828
2210 1581
2211 820
2212 281
2213 393
2214 1362
2215 642
2216 1599
2217 646
2218 2045
2219 710
2220 1100
2221 670
2222 37
2223 1589
2224 1593
2225 421
2226 1623
2227 970
2228 108
2229 1474
2230 1278
2231 1686
2232 101
2233 19
2234 782
2235 1413
2236 387
2237 1202
2238 226
2239 1513
2240 1827
2241 1249
2242 1102
2243 1269
2244 1627
2245 2061
2246 715
2247 1272
2248 1661
2249 400
2250 994
2251 159
2252 1673
2253 2018
2254 62
2255 655
2256 1605
2257 152
2258 1238
2259 2100
2260 1245
2261 656
2262 719
2263 857
2264 1286
2265 788
2266 22
2267 204
2268 1923
2269 310
2270 284
2271 578
2272 179
2273 595
2274 1329
2275 1115
2276 1415
2277 931
2278 593
2279 2189
2280 920
2281 2145
2282 560
2283 2266
2284 2235
2285 655
2286 1548
2287 1619
2288 1064
2289 1644
2290 423
2291 744
2292 1206
2293 2128
2294 2165
2295 1462
2296 1663
2297 1296
2298 1242
2299 1373
2300 1234
2301 1555
2302 1
2303 1158
2304 568
2305 59
2306 1140
2307 519
2308 2075
2309 1804
2310 583
2311 561
2312 2056
2313 2298
2314 1910
2315 293
2316 60
2317 145
2318 64
2319 1362
2320 1151
2321 314
2322 1423
2323 792
2324 542
2325 1736
2326 1543
2327 112
2328 301
2329 800
2330 2316
2331 1553
2332 2168
2333 868
2334 884
2335 217
2336 451
2337 193
2338 1339
2339 182
2340 1217
2341 1332
2342 1169
2343 1369
2344 201
2345 2194
2346 461
2347 563
2348 1973
2349 724
2350 1753
2351 996
2352 1175
2353 2250
2354 1153
2355 607
2356 924
2357 194
2358 1824
2359 851
2360 1654
2361 1363
2362 650
2363 1663
2364 1425
2365 126
2366 1588
2367 338
2368 865
2369 1293
2370 1202
2371 2094
2372 284
2373 611
2374 1356
2375 1559
2376 482
2377 115
2378 298
2379 581
2380 2332
2381 2212
2382 721
2383 1079
2384 1607
2385 708
2386 387
2387 836
2388 509
2389 899
2390 732
2391 1967
2392 177
2393 1483
2394 2253
2395 743
2396 1494
2397 133
2398 1067
2399 134
2400 1946
2401 679
2402 989
2403 2056
2404 1039
2405 2380
2406 920
2407 2268
2408 68
2409 163
2410 358
2411 1602
2412 309
2413 1172
2414 981
2415 88
2416 1649
2417 479
2418 757
2419 1051
2420 219
2421 1403
2422 1241
2423 819
2424 808
2425 774
2426 1700
2427 1782
2428 1723
2429 2073
2430 578
2431 363
2432 2202
2433 790
2434 2118
2435 984
2436 1366
2437 1412
2438 1750
2439 1003
2440 691
2441 331
2442 1192
2443 458
2444 1874
2445 989
2446 460
2447 2316
2448 2310
2449 1829
2450 1134
2451 204
2452 2193
2453 2117
2454 1424
2455 1938
2456 563
2457 381
2458 2297
2459 1477
2460 1377
2461 394
2462 1086
2463 1388
2464 2333
2465 836
2466 1615
2467 543
2468 1134
2469 55
2470 2236
2471 18
2472 367
2473 723
2474 1140
2475 1633
2476 236
2477 2455
2478 715
2479 349
2480 616
2481 188
2482 2476
2483 632
2484 2438
2485 1787
2486 652
2487 1607
2488 1573
2489 1864
2490 2481
2491 1940
2492 1760
2493 451
2494 1311
2495 2272
2496 1003
2497 215
2498 49
2499 52
2500 776
2501 2021
2502 1346
2503 2004
2504 2117
2505 803
2506 305
2507 1787
2508 600
2509 2110
2510 2263
2511 72
2512 1404
2513 989
2514 1825
2515 2300
2516 2439
2517 1391
2518 1593
2519 2030
2520 1673
2521 1559
2522 907
2523 429
2524 990
2525 2193
2526 198
2527 1869
2528 1940
2529 1176
2530 2029
2531 1243
2532 258
2533 526
2534 1378
2535 919
2536 2304
2537 2307
2538 270
2539 708
2540 1366
2541 2378
2542 1044
2543 1802
2544 2233
2545 288
2546 2187
2547 1049
2548 1983
2549 1022
2550 2425
2551 2089
2552 613
2553 1409
2554 973
2555 1867
2556 2225
2557 717
2558 870
2559 2202
2560 860
2561 462
2562 895
2563 1943
2564 2115
2565 238
2566 1680
2567 530
2568 330
2569 1610
2570 1396
2571 1474
2572 1310
2573 2246
2574 1225
2575 1181
2576 558
2577 892
2578 2533
2579 1854
2580 1325
2581 2032
2582 1916
2583 234
2584 1127
2585 784
2586 21
2587 2027
2588 300
2589 340
2590 975
2591 2348
2592 800
2593 355
2594 2165
2595 2389
2596 86
2597 1920
2598 859
2599 1146
2600 2098
2601 1522
2602 490
2603 493
2604 243
2605 1520
2606 803
2607 1076
2608 2466
2609 427
2610 402
2611 1197
2612 2478
2613 2017
2614 391
2615 390
2616 2471
2617 826
2618 1412
2619 904
2620 1345
2621 2505
2622 322
2623 1063
2624 1125
2625 1725
2626 2405
2627 2129
2628 531
2629 2201
2630 536
2631 1043
2632 2377
2633 1569
2634 1199
2635 1765
2636 935
2637 1718
2638 539
2639 1664
2640 1499
2641 163
2642 633
2643 2224
2644 2154
2645 2277
2646 526
2647 791
2648 1272
2649 896
2650 2427
2651 2152
2652 427
2653 2263
2654 2474
2655 516
2656 52
2657 2405
2658 161
2659 227
2660 1871
2661 1765
2662 2007
2663 1016
2664 989
2665 2200
2666 182
2667 1496
2668 2162
2669 2621
2670 1452
2671 1163
2672 2406
2673 333
2674 1158
2675 1154
2676 2491
2677 747
2678 134
2679 681
2680 1462
2681 385
2682 233
2683 751
2684 1729
2685 497
2686 113
2687 392
2688 1026
2689 2659
2690 1951
2691 2168
2692 2665
2693 928
2694 1440
2695 1630
2696 980
2697 678
2698 1042
2699 473
2700 1588
2701 92
2702 1402
2703 1329
2704 2302
2705 113
2706 2078
2707 2232
2708 475
2709 876
2710 2553
2711 2420
2712 1033
2713 2167
2714 485
2715 2205
2716 1786
2717 164
2718 104
2719 2655
2720 920
2721 511
2722 843
2723 2402
2724 1997
2725 277
2726 1568
2727 2155
2728 2712
2729 2173
2730 2682
2731 2271
2732 886
2733 2077
2734 1395
2735 1575
2736 2382
2737 167
2738 1381
2739 1160
2740 2709
2741 2668
2742 60
2743 701
2744 1990
2745 104
2746 1627
2747 2150
2748 1537
2749 772
2750 363
2751 1840
2752 185
2753 1
2754 1790
2755 1067
2756 1292
2757 402
2758 2560
2759 796
2760 189
2761 1955
2762 1829
2763 868
2764 856
2765 1242
2766 2563
2767 663
2768 703
2769 1766
2770 1824
2771 1917
2772 1192
2773 823
2774 1623
2775 246
2776 599
2777 38
2778 1182
2779 452
2780 999
2781 869
2782 341
2783 863
2784 1107
2785 2192
2786 1861
2787 65
2788 2200
2789 897
2790 2754
2791 710
2792 2176
2793 929
2794 1789
2795 725
2796 201
2797 2256
2798 2166
2799 2763
2800 1484
2801 2328
2802 1494
2803 1802
2804 140
2805 681
2806 1808
2807 673
2808 16
2809 2591
2810 2075
2811 735
2812 502
2813 1462
2814 39
2815 2466
2816 2321
2817 1749
2818 49
2819 821
2820 1838
2821 1407
2822 2803
2823 17
2824 337
2825 2807
2826 953
2827 1789
2828 1125
2829 1427
2830 2525
2831 231
2832 1995
2833 899
2834 1724
2835 2099
2836 588
2837 613
2838 2093
2839 1362
2840 814
2841 1004
2842 1764
2843 297
2844 1734
2845 573
2846 828
2847 521
2848 2661
2849 2841
2850 1091
2851 195
2852 2455
2853 2732
2854 780
2855 1415
2856 1562
2857 1021
2858 2717
2859 230
2860 463
2861 1891
2862 661
2863 1742
2864 514
2865 672
2866 2167
2867 1619
2868 2850
2869 832
2870 1162
2871 886
2872 1318
2873 1316
2874 1217
2875 2504
2876 742
2877 1728
2878 984
2879 2583
2880 2041
2881 2657
2882 2109
2883 244
2884 2651
2885 2575
2886 2780
2887 1005
2888 2185
2889 2882
2890 1259
2891 2773
2892 2214
2893 2716
2894 251
2895 646
2896 1643
2897 1942
2898 705
2899 89
2900 2859
2901 2642
2902 1653
2903 28
2904 1788
2905 689
2906 2192
2907 1495
2908 1244
2909 748
2910 25
2911 2510
2912 2891
2913 408
2914 1836
2915 2689
2916 489
2917 250
2918 15
2919 2048
2920 938
2921 2136
2922 284
2923 1246
2924 2525
2925 2005
2926 1842
2927 1242
2928 938
2929 1871
2930 1676
2931 1733
2932 184
2933 1951
2934 344
2935 685
2936 2924
2937 1953
2938 2215
2939 2491
2940 725
2941 485
2942 1535
2943 2916
2944 1016
2945 933
2946 1566
2947 698
2948 1986
2949 1967
2950 2545
2951 305
2952 1999
2953 413
2954 2071
2955 618
2956 1437
2957 311
2958 526
2959 415
2960 944
2961 561
2962 2494
2963 2485
2964 2434
2965 2159
2966 582
2967 2493
2968 1736
2969 1133
2970 1419
2971 1855
2972 2479
2973 66
2974 1485
2975 812
2976 1680
2977 2063
2978 189
2979 116
2980 1055
2981 1579
2982 1458
2983 2827
2984 1587
2985 786
2986 2376
2987 158
2988 1098
2989 2179
2990 895
2991 1077
2992 564
2993 38
2994 1790
2995 2888
2996 2050
2997 69
2998 615
2999 2434
3000 2227
3001 2461
3002 524
3003 251
3004 2888
3005 1577
3006 1959
3007 67
3008 275
3009 2527
3010 1762
3011 480
3012 1162
3013 1054
3014 2900
3015 1416
3016 1905
3017 1447
3018 2986
3019 2590
3020 413
3021 1954
3022 1482
3023 85
3024 2717
3025 900
3026 221
3027 529
3028 308
3029 1779
3030 2912
3031 1843
3032 1423
3033 1593
3034 520
3035 167
3036 2945
3037 220
3038 1875
3039 2119
3040 1390
3041 1341
3042 640
3043 2384
3044 1778
3045 1508
3046 1772
3047 250
3048 1877
3049 1275
3050 501
3051 1101
3052 2431
3053 1343
3054 1749
3055 186
3056 288
3057 2787
3058 529
3059 2533
3060 862
3061 1483
3062 2034
3063 1329
3064 1224
3065 2368
3066 2390
3067 1876
3068 1969
3069 2520
3070 1876
3071 1903
3072 60
3073 1873
3074 645
3075 3065
3076 1258
3077 2488
3078 2112
3079 374
3080 1351
3081 2344
3082 2568
3083 1072
3084 1852
3085 281
3086 150
3087 646
3088 446
3089 893
3090 447
3091 424
3092 246
3093 758
3094 2200
3095 1154
3096 1509
3097 1492
3098 2588
3099 407
3100 568
3101 2173
3102 2481
3103 1044
3104 582
3105 1794
3106 2501
3107 2374
3108 622
3109 720
3110 1916
3111 1683
3112 400
3113 972
3114 1927
3115 707
3116 1218
3117 2095
3118 768
3119 80
3120 976
3121 857
3122 1172
3123 1487
3124 1725
3125 243
3126 635
3127 1361
3128 2892
3129 403
3130 1483
3131 3017
3132 2157
3133 295
3134 1076
3135 420
3136 2636
3137 185
3138 373
3139 2631
3140 516
3141 758
3142 2013
3143 423
3144 689
3145 2640
3146 991
3147 1033
3148 185
3149 582
3150 1855
3151 1277
3152 304
3153 318
3154 161
3155 2623
3156 2440
3157 1400
3158 705
3159 2945
3160 3075
3161 2118
3162 67
3163 474
3164 3073
3165 2941
3166 1633
3167 620
3168 179
3169 1951
3170 2368
3171 961
3172 276
3173 295
3174 790
3175 865
3176 281
3177 3092
3178 2601
3179 2637
3180 1163
3181 1118
3182 2697
3183 1349
3184 269
3185 2133
3186 2917
3187 1306
3188 2436
3189 1307
3190 44
3191 1600
3192 265
3193 2988
3194 2105
3195 2036
3196 2024
3197 1153
3198 484
3199 1312
3200 620
3201 2778
3202 2246
3203 1139
3204 1361
3205 3147
3206 2075
3207 162
3208 2887
3209 1744
3210 1527
3211 1933
3212 820
3213 2823
3214 926
3215 1789
3216 1396
3217 230
3218 660
3219 783
3220 3081
3221 1938
3222 3107
3223 1315
3224 1826
3225 231
3226 1680
3227 221
3228 1037
3229 1477
3230 2181
3231 1185
3232 2614
3233 2322
3234 2808
3235 2287
3236 3218
3237 2273
3238 1263
3239 1956
3240 1625
3241 2963
3242 1087
3243 2035
3244 778
3245 1136
3246 225
3247 2912
3248 103
3249 2425
3250 1340
3251 1876
3252 3150
3253 2107
3254 1503
3255 235
3256 824
3257 3237
3258 1790
3259 2829
3260 1187
3261 6
3262 821
3263 818
3264 2281
3265 1009
3266 2807
3267 363
3268 2229
3269 879
3270 1182
3271 1748
3272 1237
3273 1639
3274 3046
3275 2560
3276 100
3277 2918
3278 754
3279 694
3280 2792
3281 1157
3282 3087
3283 2234
3284 2104
3285 794
3286 2506
3287 2232
3288 2621
3289 1776
3290 472
3291 2752
3292 934
3293 831
3294 1019
3295 1145
3296 342
3297 733
3298 1227
3299 2286
3300 2977
3301 1699
3302 2513
3303 2639
3304 838
3305 362
3306 3161
3307 857
3308 2685
3309 130
3310 1213
3311 947
3312 2672
3313 2803
3314 89
3315 3014
3316 1282
3317 1025
3318 761
3319 2395
3320 1138
3321 1446
3322 1972
3323 308
3324 875
3325 1042
3326 1284
3327 281
3328 1016
3329 576
3330 883
3331 2501
3332 608
3333 2494
3334 856
3335 1333
3336 2702
3337 829
3338 2261
3339 473
3340 2015
3341 698
3342 1714
3343 916
3344 1378
3345 2844
3346 1110
3347 2188
3348 1739
3349 1510
3350 1809
3351 2129
3352 2557
3353 408
3354 2018
3355 227
3356 790
3357 1913
3358 2819
3359 243
3360 977
3361 2016
3362 1077
3363 2935
3364 1998
3365 2656
3366 1307
3367 24
3368 1759
3369 3279
3370 1122
3371 2054
3372 1699
3373 3338
3374 1533
3375 2850
3376 1174
3377 2709
3378 3314
3379 662
3380 746
3381 351
3382 2842
3383 3334
3384 1050
3385 2957
3386 2241
3387 1561
3388 961
3389 794
3390 1316
3391 2743
3392 102
3393 1094
3394 2588
3395 1430
3396 736
3397 1268
3398 2172
3399 319
3400 1701
3401 114
3402 2513
3403 2552
3404 228
3405 2680
3406 3277
3407 2376
3408 1461
3409 3017
3410 1330
3411 2115
3412 577
3413 1694
3414 1096
3415 820
3416 1709
3417 1903
3418 2308
3419 3185
3420 1648
3421 1143
3422 1339
3423 2363
3424 1147
3425 3097
3426 2102
3427 570
3428 887
3429 3336
3430 520
3431 2273
3432 853
3433 1156
3434 169
3435 997
3436 2964
3437 1750
3438 2809
3439 682
3440 1413
3441 3151
3442 59
3443 2151
3444 2210
3445 1264
3446 827
3447 1162
3448 282
3449 1204
3450 1208
3451 610
3452 2313
3453 244
3454 3249
3455 1977
3456 741
3457 1795
3458 654
3459 1501
3460 1955
3461 2714
3462 52
3463 237
3464 2839
3465 1799
3466 1770
3467 422
3468 3247
3469 2846
3470 3436
3471 672
3472 610
3473 462
3474 2420
3475 2320
3476 2251
3477 2056
3478 247
3479 45
3480 221
3481 2653
3482 485
3483 2419
3484 1819
3485 1347
3486 4
3487 2282
3488 423
3489 938
3490 1619
3491 2465
3492 270
3493 1775
3494 2320
3495 914
3496 842
3497 2425
3498 1709
3499 1413
3500 1294
3501 46
3502 2237
3503 1098
3504 2334
3505 2447
3506 2984
3507 1440
3508 1169
3509 380
3510 2501
3511 1408
3512 1727
3513 2578
3514 318
3515 2808
3516 2930
3517 1306
3518 161
3519 1600
3520 59
3521 1591
3522 3107
3523 2058
3524 1552
3525 3519
3526 1840
3527 2864
3528 2848
3529 2850
3530 1843
3531 348
3532 3217
3533 3223
3534 2893
3535 284
3536 1218
3537 906
3538 3374
3539 512
3540 1837
3541 458
3542 3010
3543 3183
3544 2706
3545 2675
3546 1618
3547 2147
3548 2396
3549 1239
3550 2521
3551 3421
3552 2854
3553 1234
3554 139
3555 1198
3556 3116
3557 958
3558 1892
3559 2833
3560 978
3561 2292
3562 783
3563 527
3564 3557
3565 2312
3566 312
3567 1924
3568 255
3569 2311
3570 431
3571 1607
3572 2626
3573 211
3574 1921
3575 1988
3576 323
3577 2223
3578 3418
3579 1923
3580 375
3581 3468
3582 2283
3583 910
3584 311
3585 675
3586 2069
3587 1709
3588 3233
3589 3427
3590 851
3591 1036
3592 1448
3593 381
3594 3472
3595 1783
3596 2034
3597 1643
3598 2520
3599 3562
3600 2382
3601 1982
3602 1459
3603 1267
3604 708
3605 123
3606 983
3607 2499
3608 1954
3609 1080
3610 916
3611 2087
3612 1753
3613 714
3614 291
3615 2213
3616 411
3617 2801
3618 3492
3619 51
3620 1662
3621 52
3622 2862
3623 1134
3624 2888
3625 63
3626 2872
3627 1464
3628 2590
3629 2674
3630 2428
3631 3102
3632 1128
3633 2854
3634 2036
3635 108
3636 1192
3637 1862
3638 2002
3639 1860
3640 366
3641 964
3642 1355
3643 1848
3644 1528
3645 368
3646 511
3647 749
3648 1728
3649 1990
3650 1118
3651 2554
3652 1108
3653 307
3654 1053
3655 1767
3656 1663
3657 2336
3658 1072
3659 3526
3660 1455
3661 2706
3662 1676
3663 714
3664 3026
3665 393
3666 615
3667 358
3668 1892
3669 1747
3670 1374
3671 2109
3672 2324
3673 1348
3674 3038
3675 3000
3676 268
3677 3592
3678 2169
3679 1571
3680 681
3681 2344
3682 1577
3683 184
3684 1315
3685 2417
3686 1502
3687 1254
3688 3071
3689 1657
3690 45
3691 3345
3692 2269
3693 2463
3694 3101
3695 3005
3696 1911
3697 2877
3698 2086
3699 3017
3700 721
3701 3612
3702 3309
3703 2068
3704 1856
3705 3671
3706 211
3707 1719
3708 1217
3709 2964
3710 481
3711 2845
3712 3167
3713 2208
3714 765
3715 1229
3716 2627
3717 1050
3718 3623
3719 1676
3720 1096
3721 2489
3722 859
3723 2328
3724 1720
3725 2037
3726 3357
3727 394
3728 1100
3729 3067
3730 3030
3731 3658
3732 2668
3733 3651
3734 2097
3735 369
3736 1796
3737 2039
3738 506
3739 1335
3740 2204
3741 3129
3742 603
3743 714
3744 1586
3745 1174
3746 3732
3747 3380
