1456 727
1215 347
1382 331
331 347
80 1423
1423 1382
317 1282
1282 80
696 889
889 1382
228 512
512 317
293 742
742 696
130 26
130 347
638 40
40 1382
679 1012
679 40
958 508
508 696
546 557
546 1382
230 394
394 638
556 57
556 679
172 1371
1371 317
61 177
61 130
46 1016
1016 57
405 1127
1127 57
716 32
32 1423
1298 553
553 1382
594 1151
594 26
277 735
735 1016
475 472
472 46
53 1006
53 546
1437 790
1437 394
1291 1365
1291 679
92 488
92 556
378 636
378 394
240 1345
1345 61
248 970
970 472
868 1050
1050 230
17 461
17 277
832 351
832 92
840 1277
1277 1282
225 843
225 130
1241 468
1241 636
536 657
536 468
503 209
503 351
1075 943
1075 1371
542 1058
1058 1423
929 282
929 317
681 1054
681 225
573 1128
1128 929
170 1041
170 638
613 966
613 1365
690 167
690 26
82 1289
82 317
12 368
368 843
1190 1401
1401 468
241 168
168 679
926 1141
926 170
250 1216
1216 1371
924 1125
1125 57
801 1076
1076 843
1220 145
1220 57
479 20
479 657
38 1030
1030 1437
1337 1113
1113 926
1038 1172
1038 293
291 332
332 546
1317 487
1317 966
1419 820
1419 1345
1410 1111
1111 1289
861 771
861 1127
1020 993
993 820
65 535
65 167
1309 355
355 1020
677 404
404 26
1315 98
98 92
182 401
182 1365
935 530
935 182
278 374
278 479
412 1091
412 1401
972 743
972 832
1174 28
1174 401
77 1109
77 167
303 325
303 1298
947 1346
947 861
902 3
902 65
678 884
678 966
1449 586
1449 248
202 135
202 26
42 1097
1097 479
916 343
343 677
658 601
658 46
102 1197
102 679
179 1147
179 1289
737 919
737 1006
869 1170
1170 177
1325 478
1325 657
203 426
426 1371
1001 339
339 202
1160 1431
1431 1076
194 762
194 970
1198 436
1198 1001
1336 982
982 762
571 866
866 102
1363 717
1363 278
990 264
264 916
520 1082
520 42
1312 1272
1312 343
1368 400
400 347
848 539
539 1363
1023 619
1023 848
367 761
761 331
427 749
749 1410
1318 1328
1328 102
940 494
494 840
1378 211
1378 1109
605 244
605 679
957 391
391 924
1447 111
111 1006
1211 315
1211 92
217 220
220 240
298 270
270 508
1305 52
52 613
138 1288
1288 1127
1114 1102
1102 1410
562 1139
562 743
1180 1063
1063 230
226 320
226 1172
154 1409
154 717
659 417
659 1419
731 661
661 1216
998 1212
998 935
1086 634
634 679
485 144
144 884
753 1417
753 339
965 295
295 461
995 660
660 1012
855 607
607 177
100 223
100 53
981 511
511 102
837 1411
1411 1174
1349 925
925 1016
561 386
561 1363
616 1254
1254 1410
93 984
93 102
286 1237
286 303
894 281
894 658
435 237
237 924
643 112
112 1365
1213 574
1213 840
891 596
891 1220
484 816
484 1328
1105 628
628 135
136 592
592 303
422 381
422 144
59 905
905 12
173 330
173 832
238 872
238 485
15 1194
15 93
497 1206
497 681
752 1259
752 241
247 499
499 325
775 1044
1044 972
1188 1223
1188 958
300 491
491 1289
184 440
184 643
798 609
798 281
971 1017
1017 1198
1162 1176
1176 1190
397 1319
1319 571
214 897
897 286
245 1210
1210 436
617 1065
1065 1447
769 208
208 1044
813 692
813 586
532 104
104 440
1386 387
387 1162
289 482
482 40
1427 364
1427 1319
124 918
918 532
591 22
22 990
166 1294
1294 1113
1028 1455
1028 1368
1066 287
1066 1111
162 1380
162 104
923 978
923 1325
49 1262
1262 661
566 276
276 1044
750 853
853 168
1234 1429
1234 1041
1218 983
983 412
90 210
210 214
1022 547
1022 347
399 1120
399 716
1005 335
1005 479
251 529
251 1410
646 582
582 364
624 205
205 211
708 342
342 241
50 739
739 46
143 444
143 1210
265 1360
1360 1006
1406 477
477 1455
917 473
917 546
1284 588
1284 250
1140 348
1140 1371
1229 611
1229 281
730 464
730 1319
961 662
961 816
602 6
602 750
787 451
451 1259
669 1131
669 619
410 1301
410 1140
812 1153
1153 902
216 844
216 49
1021 1158
1021 145
938 548
938 1128
945 1396
945 1021
580 97
580 332
1189 268
1189 1017
1364 326
326 993
1377 1422
1422 451
1034 1134
1034 166
683 1239
1239 840
519 564
564 679
524 1434
524 1229
1387 1011
1387 1417
1070 939
1070 662
14 814
814 386
1351 388
388 762
1381 1308
1381 1020
578 79
79 1234
438 502
502 1417
306 725
306 1034
1393 505
1393 1086
1219 350
350 20
655 1310
1310 872
1253 1193
1193 438
1051 1118
1051 1050
1257 956
1257 306
526 501
526 1070
370 1388
370 210
198 1407
1407 404
1150 928
928 1305
308 128
308 983
847 1343
847 609
1227 1439
1227 1288
845 1442
1442 265
353 527
353 1227
759 896
896 80
1090 1221
1221 1022
779 1103
1103 237
789 1013
1013 790
1040 1195
1040 1120
702 84
702 655
327 1278
327 397
795 1367
1367 484
623 1068
623 1409
673 48
48 1118
700 1208
700 601
70 1332
1332 1068
174 41
41 306
498 212
212 735
1098 1295
1098 216
301 1255
301 1336
1307 823
823 928
654 365
654 128
30 1077
1077 1011
425 192
425 494
176 1233
176 752
1403 1099
1099 320
231 688
688 789
85 159
159 184
513 359
513 659
622 254
254 669
69 344
344 179
1095 1045
1045 488
1094 432
432 1022
1268 563
1268 511
469 765
469 301
414 402
414 176
639 178
639 1190
373 879
879 639
856 608
608 210
459 279
279 1011
1202 496
496 468
1243 1279
1243 230
1425 1072
1072 1034
195 533
195 690
1444 864
1444 38
1117 726
1117 17
453 854
453 1180
1133 382
1133 731
1398 305
305 1328
987 1069
987 61
163 156
156 700
219 763
763 1072
974 964
974 775
1397 810
810 1386
705 398
398 170
877 811
811 1447
838 297
297 211
1083 476
1083 394
152 190
152 613
1119 1304
1304 61
1173 1357
1173 444
283 549
549 1377
672 13
672 529
252 140
140 661
698 1249
1249 573
676 449
676 90
876 827
827 594
392 656
656 237
1236 446
446 743
952 1003
1003 295
1240 1302
1240 1189
189 839
839 1063
1292 257
1292 1449
141 1025
141 759
857 890
857 1098
788 589
589 1109
785 323
785 245
635 780
635 763
319 415
415 444
615 920
920 753
514 1008
514 993
912 666
912 245
942 354
354 1431
649 1271
1271 104
1164 577
1164 844
307 396
307 498
604 1056
604 1343
885 699
885 367
1331 709
1331 929
1142 1275
1142 1016
748 1209
748 1153
442 113
442 1272
732 480
480 857
1251 1149
1251 1259
443 1273
1273 943
110 1246
1246 578
1280 71
71 1325
377 954
954 449
199 1348
199 1038
712 155
712 237
908 645
645 41
337 1361
1361 1386
1192 1428
1428 53
1036 851
1036 373
1042 509
1042 958
1395 506
1395 832
665 1089
665 240
579 915
915 1198
1182 707
707 382
428 595
595 1357
1096 420
1096 84
134 86
134 1149
260 899
260 1211
1055 1064
1055 1271
76 626
76 586
123 294
294 580
642 818
818 1407
1115 1320
1320 355
1355 1376
1376 459
439 543
439 240
117 830
117 608
447 937
937 506
704 531
531 394
587 74
587 174
35 424
35 264
1247 75
75 1066
1453 751
1453 761
792 1391
792 1318
786 1145
786 53
375 129
375 1236
1007 597
1007 138
1274 860
860 28
356 131
131 820
160 31
31 228
1059 878
1059 382
1369 239
239 156
158 1187
1187 810
1184 907
907 1153
647 1358
1358 669
1445 722
1445 958
169 1260
169 257
893 409
409 327
875 89
89 655
360 936
360 801
200 333
333 894
825 671
825 1310
256 740
256 210
833 280
280 1241
1019 852
852 228
989 922
922 248
1281 275
275 223
1155 1052
1155 491
747 204
747 940
1347 969
969 1063
991 745
745 1139
1143 372
372 344
363 1178
1178 398
1000 1270
1000 792
171 460
460 169
651 1204
651 954
959 648
648 961
962 109
962 1434
349 1196
349 1019
1435 551
1435 503
1415 1088
1088 1349
1185 103
1185 1411
91 47
47 30
1394 873
1394 654
994 384
994 1117
114 29
114 203
10 1169
1169 1417
83 481
83 223
1248 1135
1135 491
1104 1186
1104 818
253 724
724 1249
1258 756
756 123
1366 1287
1366 103
255 366
366 326
1330 703
1330 594
758 858
758 503
150 1252
150 117
697 575
697 189
346 423
346 1173
1085 1163
1085 756
1217 151
1217 1204
1168 1323
1323 812
271 37
37 575
1448 1156
1448 208
267 116
267 271
766 1106
1106 1320
1159 986
986 1229
1286 454
454 897
1074 288
1074 742
352 290
290 230
808 246
808 1298
313 988
313 422
1032 1296
1296 230
193 614
193 1368
24 1420
1420 1174
235 803
803 97
1084 694
1084 152
1230 1340
1340 725
1191 419
419 1195
951 859
951 1318
806 185
806 1248
234 1161
234 1134
516 794
794 1034
1329 1316
1316 982
911 904
911 1140
1446 862
862 69
1152 133
1152 1115
621 783
621 889
33 568
33 1363
1146 1321
1146 790
1122 554
1122 1221
94 413
413 204
233 153
153 100
510 684
684 154
1451 115
1451 415
767 804
804 750
1130 1300
1300 451
232 507
232 597
1024 4
4 1006
7 1009
7 400
1179 470
1179 42
910 108
108 275
407 1276
1276 271
500 977
500 857
1283 149
1283 919
64 1047
64 57
625 606
606 810
835 329
329 287
770 489
489 394
227 850
850 647
1108 1424
1108 589
1362 668
668 1292
807 867
807 785
322 222
222 1070
1400 467
467 20
1100 1043
1043 643
686 369
369 704
1224 544
1224 277
715 921
921 1163
1412 380
380 333
495 395
395 1065
408 318
408 918
36 465
36 646
979 793
979 356
886 1438
1438 211
146 1456
146 1237
999 538
999 241
1183 610
610 154
157 841
841 169
778 1339
778 1278
1436 429
429 1069
336 895
895 1243
358 1154
358 1210
1010 805
805 787
675 1101
1101 866
1384 448
1384 573
450 685
685 37
249 1303
1303 35
931 997
997 724
711 629
629 983
338 1334
1334 1298
1408 774
1408 658
72 95
95 876
572 188
188 899
1018 492
1018 1391
736 229
736 189
600 558
558 897
504 462
504 205
44 96
96 343
663 1235
663 1455
1418 191
1418 1400
11 1232
1232 1075
898 1123
898 281
1087 744
744 1161
1402 1037
1037 855
213 463
463 138
1053 723
1053 1339
644 106
644 617
272 518
518 372
99 362
362 179
1452 914
914 956
892 437
892 286
846 1214
1214 575
941 1342
1342 185
653 776
653 422
1132 1426
1132 172
802 1080
802 89
1335 913
1335 260
1014 515
1014 588
534 126
126 813
389 1413
389 1391
630 73
73 920
932 379
932 956
821 25
821 699
906 733
906 1415
1231 357
1231 1153
164 383
164 94
545 927
927 1232
881 1207
1207 409
186 528
186 414
458 1245
1245 217
1199 66
66 681
58 687
687 935
569 433
569 648
371 826
826 798
950 815
950 347
224 120
120 694
541 817
541 1339
953 416
953 116
119 585
585 160
259 196
259 70
641 934
934 239
1171 445
1171 143
1093 1440
1440 251
452 1350
452 813
834 137
137 375
243 148
243 414
105 1205
105 1125
960 599
599 846
1421 457
457 93
68 695
695 1418
1126 777
1126 649
310 570
570 686
1443 1027
1027 295
870 540
870 869
1353 883
1353 59
674 757
757 386
975 1290
1290 511
161 1226
161 960
809 1157
809 405
1107 691
1107 1336
822 54
54 212
1167 584
1167 1122
1333 490
490 260
721 486
721 468
60 1359
60 1080
903 1341
903 470
1079 1175
1175 789
165 197
165 542
1311 1392
1392 336
88 421
421 854
1441 734
734 1077
5 819
5 1056
122 1238
1238 1235
882 67
882 707
1110 236
236 509
1433 863
863 204
1242 1370
1370 1310
1383 341
341 891
1148 603
603 1229
273 1256
1256 884
39 517
39 1410
1124 824
824 197
284 1430
1430 178
27 1029
1029 1171
418 900
418 110
180 118
118 135
1138 2
2 902
650 51
650 1158
1299 321
321 558
637 376
376 394
107 201
107 562
1200 34
34 959
1201 411
411 1192
345 304
345 421
565 901
901 717
16 559
16 1029
550 865
550 203
1033 560
1033 919
680 627
680 341
933 1306
1306 964
1250 81
81 1127
618 976
976 1089
43 385
43 845
1405 431
431 342
710 361
361 231
590 1222
1222 1018
521 768
521 224
1265 1026
1265 1286
842 87
87 854
772 773
773 786
667 183
667 1125
782 441
782 694
9 175
175 1353
471 1071
471 716
791 1385
1385 1040
312 1181
1181 502
21 1414
1414 104
1285 632
632 1173
142 828
828 501
1390 968
1390 137
125 23
23 12
1078 525
1078 1254
215 1048
215 1308
181 537
537 608
56 1375
56 1099
132 1060
1060 270
996 139
139 928
909 955
955 1290
299 764
299 1159
760 583
760 806
1073 393
393 1139
1293 221
1293 233
728 261
261 1427
1374 430
430 1182
1404 1338
1404 616
670 784
784 388
1263 1049
1263 135
55 831
55 217
1450 62
62 1243
1266 693
693 1063
718 292
718 136
18 949
18 1403
640 930
930 1157
967 101
967 392
689 706
689 477
266 147
266 970
746 555
555 61
19 1067
19 418
187 1136
187 219
874 1166
1166 347
63 390
63 421
1354 1035
1354 786
206 741
206 41
455 576
576 473
963 1297
963 83
1324 1061
1324 369
836 285
836 1208
474 729
729 68
985 1057
1057 372
334 1112
1112 68
45 948
45 1021
980 328
980 691
973 652
652 804
755 720
755 1027
1373 1046
1046 1259
1177 1352
1352 45
1261 1432
1261 1174
483 620
620 419
581 992
992 1123
754 316
316 1046
311 466
311 547
1129 406
406 764
1327 880
1327 756
1326 314
1326 969
522 871
871 1401
1062 633
633 109
849 796
849 1206
800 1356
1356 540
1264 493
1264 573
1002 1081
1002 971
1269 1454
1454 586
567 218
567 1196
1 1116
1116 490
1137 263
1137 28
1244 1031
1031 1429
262 612
262 90
1314 829
1314 229
714 1228
714 120
403 888
403 184
738 593
738 183
944 258
944 1349
1399 324
1399 260
1203 1225
1225 1011
8 598
598 132
121 1039
1039 194
664 701
664 1315
302 456
302 1284
269 78
78 1374
713 127
713 430
799 1344
799 1193
797 434
797 1148
1372 207
207 364
1322 719
1322 32
631 727
727 119
242 1092
1092 451
309 1267
1267 670
1379 946
946 238
1389 1004
1004 162
296 523
523 936
274 1144
1144 146
1313 552
552 1087
340 887
340 607
1165 781
781 34
1121 1015
1121 80
682 1416
1416 1007
