1817 906
2 1
3 1
4 3
5 1
6 2
7 2
8 1
9 5
10 6
11 8
12 10
13 2
14 10
15 11
16 2
17 7
18 17
19 16
20 19
21 19
22 21
23 6
24 18
25 9
26 14
27 9
28 2
29 3
30 25
31 2
32 2
33 21
34 18
35 16
36 25
37 18
38 37
39 25
40 19
41 35
42 31
43 6
44 5
45 42
46 3
47 3
48 41
49 4
50 33
51 34
52 25
53 27
54 43
55 40
56 25
57 51
58 54
59 20
60 51
61 59
62 21
63 34
64 43
65 62
66 27
67 13
68 33
69 43
70 44
71 4
72 2
73 25
74 64
75 15
76 25
77 15
78 36
79 72
80 31
81 75
82 39
83 26
84 54
85 14
86 69
87 22
88 75
89 40
90 71
91 2
92 40
93 43
94 30
95 91
96 37
97 85
98 13
99 1
100 50
101 26
102 73
103 35
104 32
105 55
106 3
107 71
108 34
109 105
110 54
111 12
112 46
113 100
114 71
115 35
116 41
117 87
118 53
119 96
120 71
121 104
122 51
123 36
124 63
125 101
126 95
127 94
128 100
129 2
130 94
131 35
132 34
133 131
134 97
135 128
136 48
137 101
138 125
139 79
140 24
141 24
142 119
143 10
144 60
145 7
146 123
147 52
148 51
149 55
150 140
151 132
152 97
153 13
154 17
155 124
156 120
157 35
158 153
159 69
160 137
161 45
162 143
163 161
164 81
165 84
166 133
167 7
168 54
169 66
170 124
171 66
172 171
173 87
174 27
175 102
176 42
177 140
178 89
179 171
180 1
181 134
182 5
183 182
184 32
185 117
186 177
187 99
188 79
189 38
190 37
191 110
192 187
193 62
194 162
195 11
196 149
197 151
198 193
199 12
200 173
201 48
202 1
203 5
204 189
205 132
206 47
207 45
208 60
209 107
210 159
211 197
212 119
213 108
214 75
215 129
216 8
217 138
218 37
219 134
220 140
221 86
222 141
223 181
224 110
225 220
226 121
227 40
228 191
229 130
230 188
231 39
232 144
233 149
234 105
235 158
236 186
237 17
238 213
239 100
240 178
241 171
242 65
243 73
244 180
245 165
246 62
247 198
248 55
249 58
250 137
251 99
252 178
253 66
254 107
255 193
256 98
257 48
258 54
259 127
260 25
261 127
262 169
263 257
264 113
265 154
266 35
267 57
268 160
269 163
270 202
271 209
272 23
273 165
274 244
275 131
276 141
277 80
278 190
279 244
280 250
281 29
282 154
283 151
284 256
285 244
286 3
287 28
288 201
289 226
290 177
291 109
292 81
293 98
294 237
295 233
296 129
297 134
298 3
299 171
300 249
301 38
302 277
303 179
304 108
305 81
306 13
307 244
308 282
309 6
310 199
311 303
312 41
313 237
314 149
315 201
316 290
317 214
318 86
319 179
320 99
321 90
322 250
323 194
324 201
325 105
326 93
327 80
328 255
329 187
330 242
331 95
332 136
333 17
334 263
335 252
336 250
337 119
338 190
339 240
340 209
341 159
342 291
343 336
344 178
345 305
346 178
347 323
348 183
349 245
350 192
351 149
352 80
353 352
354 145
355 319
356 45
357 266
358 297
359 348
360 28
361 15
362 173
363 33
364 2
365 118
366 289
367 37
368 97
369 174
370 207
371 36
372 260
373 327
374 155
375 323
376 64
377 240
378 320
379 253
380 140
381 309
382 163
383 147
384 365
385 315
386 12
387 363
388 171
389 267
390 74
391 333
392 232
393 147
394 289
395 10
396 250
397 175
398 76
399 45
400 267
401 224
402 145
403 51
404 253
405 74
406 144
407 194
408 301
409 179
410 286
411 196
412 281
413 233
414 162
415 151
416 335
417 245
418 41
419 408
420 354
421 382
422 139
423 36
424 340
425 247
426 315
427 291
428 402
429 173
430 375
431 152
432 15
433 211
434 158
435 377
436 228
437 223
438 375
439 301
440 319
441 282
442 163
443 113
444 180
445 311
446 132
447 355
448 295
449 148
450 196
451 203
452 192
453 72
454 92
455 126
456 59
457 323
458 173
459 382
460 413
461 100
462 193
463 25
464 209
465 112
466 262
467 331
468 269
469 376
470 51
471 83
472 176
473 325
474 472
475 331
476 283
477 141
478 285
479 419
480 320
481 1
482 44
483 112
484 6
485 212
486 135
487 7
488 366
489 319
490 188
491 236
492 115
493 411
494 485
495 57
496 410
497 415
498 124
499 440
500 145
501 39
502 67
503 52
504 480
505 219
506 182
507 355
508 208
509 232
510 307
511 457
512 35
513 291
514 332
515 11
516 227
517 44
518 364
519 94
520 107
521 394
522 119
523 62
524 340
525 440
526 441
527 412
528 168
529 343
530 444
531 270
532 407
533 165
534 393
535 260
536 528
537 509
538 374
539 343
540 16
541 532
542 149
543 189
544 153
545 516
546 527
547 395
548 406
549 542
550 480
551 488
552 140
553 422
554 275
555 168
556 60
557 277
558 523
559 123
560 461
561 418
562 78
563 327
564 376
565 78
566 84
567 200
568 115
569 516
570 89
571 537
572 330
573 389
574 248
575 457
576 256
577 170
578 437
579 84
580 572
581 119
582 528
583 162
584 100
585 369
586 269
587 43
588 237
589 231
590 390
591 237
592 126
593 374
594 472
595 333
596 175
597 301
598 545
599 195
600 503
601 86
602 229
603 50
604 318
605 482
606 96
607 591
608 50
609 382
610 460
611 536
612 350
613 359
614 53
615 304
616 165
617 148
618 451
619 248
620 349
621 514
622 12
623 410
624 414
625 556
626 323
627 181
628 43
629 415
630 508
631 299
632 408
633 203
634 343
635 569
636 480
637 536
638 529
639 433
640 58
641 360
642 111
643 107
644 14
645 202
646 184
647 58
648 61
649 294
650 34
651 25
652 429
653 58
654 10
655 409
656 412
657 636
658 144
659 367
660 291
661 321
662 251
663 197
664 115
665 621
666 566
667 404
668 632
669 44
670 52
671 588
672 405
673 592
674 554
675 472
676 276
677 152
678 521
679 655
680 348
681 153
682 184
683 526
684 599
685 478
686 144
687 139
688 451
689 542
690 289
691 575
692 279
693 197
694 69
695 412
696 521
697 194
698 329
699 580
700 34
701 564
702 299
703 275
704 347
705 158
706 668
707 538
708 336
709 320
710 215
711 342
712 487
713 467
714 552
715 258
716 82
717 344
718 563
719 686
720 544
721 329
722 140
723 508
724 498
725 419
726 134
727 454
728 422
729 156
730 688
731 316
732 562
733 232
734 90
735 301
736 225
737 377
738 558
739 578
740 153
741 579
742 494
743 540
744 143
745 37
746 365
747 456
748 553
749 474
750 57
751 522
752 603
753 39
754 620
755 641
756 266
757 353
758 614
759 485
760 417
761 17
762 629
763 354
764 15
765 266
766 269
767 184
768 155
769 394
770 461
771 310
772 627
773 729
774 115
775 487
776 107
777 343
778 84
779 437
780 360
781 237
782 628
783 444
784 352
785 766
786 235
787 554
788 398
789 353
790 584
791 184
792 468
793 441
794 631
795 163
796 97
797 88
798 463
799 548
800 12
801 249
802 666
803 550
804 533
805 634
806 116
807 704
808 751
809 185
810 156
811 22
812 457
813 329
814 291
815 359
816 279
817 743
818 351
819 47
820 95
821 217
822 30
823 116
824 195
825 262
826 204
827 496
828 483
829 815
830 416
831 526
832 257
833 238
834 797
835 729
836 592
837 438
838 201
839 470
840 487
841 346
842 254
843 203
844 518
845 793
846 77
847 128
848 506
849 233
850 774
851 73
852 807
853 559
854 286
855 662
856 198
857 719
858 585
859 467
860 756
861 415
862 526
863 203
864 291
865 657
866 311
867 448
868 633
869 308
870 287
871 313
872 334
873 76
874 422
875 800
876 641
877 799
878 138
879 439
880 845
881 782
882 613
883 147
884 123
885 176
886 561
887 559
888 861
889 291
890 203
891 111
892 754
893 884
894 435
895 851
896 389
897 265
898 190
899 363
900 518
901 282
902 149
903 365
904 732
905 77
906 155
907 482
908 846
909 621
910 403
911 206
912 255
913 396
914 683
915 312
916 507
917 871
918 353
919 709
920 649
921 587
922 550
923 668
924 100
925 258
926 384
927 769
928 588
929 224
930 388
931 551
932 24
933 454
934 686
935 455
936 338
937 742
938 691
939 376
940 780
941 464
942 630
943 87
944 266
945 445
946 116
947 339
948 743
949 662
950 932
951 124
952 104
953 823
954 773
955 363
956 387
957 436
958 754
959 868
960 844
961 796
962 766
963 451
964 283
965 393
966 363
967 724
968 121
969 615
970 10
971 376
972 851
973 416
974 63
975 16
976 771
977 39
978 684
979 116
980 662
981 603
982 752
983 767
984 929
985 263
986 216
987 127
988 669
989 820
990 603
991 524
992 731
993 838
994 282
995 509
996 409
997 630
998 464
999 970
1000 174
1001 287
1002 722
1003 981
1004 507
1005 533
1006 650
1007 861
1008 741
1009 530
1010 542
1011 369
1012 670
1013 795
1014 36
1015 237
1016 847
1017 450
1018 455
1019 550
1020 391
1021 640
1022 240
1023 772
1024 184
1025 358
1026 529
1027 846
1028 776
1029 951
1030 376
1031 220
1032 89
1033 760
1034 23
1035 584
1036 31
1037 106
1038 538
1039 756
1040 1028
1041 232
1042 430
1043 21
1044 724
1045 238
1046 353
1047 403
1048 272
1049 881
1050 691
1051 729
1052 1001
1053 149
1054 55
1055 491
1056 940
1057 803
1058 748
1059 773
1060 939
1061 218
1062 233
1063 327
1064 611
1065 328
1066 420
1067 63
1068 842
1069 664
1070 740
1071 815
1072 961
1073 16
1074 10
1075 25
1076 940
1077 196
1078 989
1079 285
1080 222
1081 605
1082 211
1083 90
1084 349
1085 686
1086 1012
1087 221
1088 749
1089 870
1090 64
1091 478
1092 1053
1093 808
1094 869
1095 80
1096 467
1097 144
1098 430
1099 698
1100 474
1101 863
1102 956
1103 8
1104 179
1105 353
1106 130
1107 882
1108 176
1109 424
1110 325
1111 255
1112 638
1113 364
1114 454
1115 628
1116 579
1117 29
1118 28
1119 593
1120 245
1121 984
1122 1110
1123 318
1124 521
1125 593
1126 281
1127 145
1128 320
1129 1072
1130 1020
1131 750
1132 723
1133 791
1134 388
1135 246
1136 902
1137 1092
1138 263
1139 810
1140 247
1141 956
1142 1113
1143 466
1144 705
1145 134
1146 931
1147 144
1148 261
1149 1108
1150 776
1151 1136
1152 584
1153 799
1154 197
1155 553
1156 123
1157 1057
1158 303
1159 256
1160 587
1161 1120
1162 557
1163 656
1164 644
1165 712
1166 790
1167 1022
1168 119
1169 657
1170 864
1171 209
1172 364
1173 358
1174 435
1175 441
1176 12
1177 685
1178 61
1179 98
1180 923
1181 928
1182 372
1183 650
1184 819
1185 227
1186 494
1187 822
1188 156
1189 108
1190 454
1191 592
1192 188
1193 623
1194 569
1195 1153
1196 95
1197 786
1198 475
1199 757
1200 460
1201 976
1202 816
1203 1059
1204 914
1205 643
1206 703
1207 775
1208 386
1209 975
1210 755
1211 565
1212 100
1213 785
1214 175
1215 865
1216 1164
1217 270
1218 704
1219 134
1220 1111
1221 1129
1222 32
1223 114
1224 841
1225 415
1226 127
1227 672
1228 965
1229 352
1230 429
1231 733
1232 934
1233 328
1234 1047
1235 1134
1236 564
1237 1131
1238 105
1239 210
1240 4
1241 846
1242 209
1243 20
1244 1220
1245 471
1246 1065
1247 824
1248 89
1249 38
1250 938
1251 989
1252 798
1253 269
1254 486
1255 895
1256 821
1257 38
1258 2
1259 1205
1260 221
1261 811
1262 945
1263 182
1264 772
1265 418
1266 266
1267 6
1268 146
1269 913
1270 194
1271 903
1272 24
1273 1056
1274 546
1275 523
1276 786
1277 581
1278 1167
1279 254
1280 67
1281 949
1282 501
1283 662
1284 152
1285 1032
1286 432
1287 31
1288 833
1289 813
1290 1063
1291 542
1292 517
1293 143
1294 578
1295 269
1296 61
1297 902
1298 752
1299 309
1300 888
1301 1251
1302 530
1303 31
1304 418
1305 1165
1306 327
1307 411
1308 369
1309 1097
1310 965
1311 1094
1312 971
1313 1281
1314 836
1315 1089
1316 863
1317 886
1318 288
1319 813
1320 1057
1321 235
1322 239
1323 242
1324 908
1325 1156
1326 341
1327 189
1328 563
1329 876
1330 780
1331 283
1332 487
1333 1263
1334 1240
1335 360
1336 1146
1337 431
1338 708
1339 741
1340 952
1341 301
1342 856
1343 151
1344 1125
1345 531
1346 837
1347 249
1348 503
1349 1079
1350 1302
1351 773
1352 735
1353 1194
1354 639
1355 1028
1356 34
1357 449
1358 401
1359 1027
1360 773
1361 108
1362 1212
1363 1228
1364 121
1365 282
1366 513
1367 1304
1368 1299
1369 573
1370 215
1371 591
1372 254
1373 178
1374 332
1375 521
1376 1056
1377 914
1378 920
1379 1303
1380 680
1381 402
1382 155
1383 522
1384 191
1385 184
1386 578
1387 1105
1388 589
1389 712
1390 1055
1391 1101
1392 1237
1393 1310
1394 1003
1395 641
1396 831
1397 188
1398 848
1399 1166
1400 1328
1401 758
1402 500
1403 154
1404 828
1405 224
1406 204
1407 202
1408 1198
1409 936
1410 385
1411 90
1412 560
1413 77
1414 582
1415 1121
1416 1210
1417 1142
1418 529
1419 1229
1420 969
1421 275
1422 731
1423 883
1424 715
1425 777
1426 902
1427 343
1428 587
1429 1421
1430 1314
1431 25
1432 1131
1433 1067
1434 167
1435 1114
1436 393
1437 571
1438 1368
1439 13
1440 1067
1441 443
1442 978
1443 982
1444 16
1445 1014
1446 552
1447 788
1448 1044
1449 492
1450 134
1451 962
1452 747
1453 1359
1454 316
1455 727
1456 948
1457 566
1458 456
1459 531
1460 1407
1461 1392
1462 419
1463 1042
1464 196
1465 716
1466 690
1467 386
1468 1142
1469 18
1470 312
1471 613
1472 759
1473 1204
1474 1346
1475 1367
1476 1158
1477 550
1478 580
1479 1234
1480 657
1481 1170
1482 593
1483 590
1484 1419
1485 1476
1486 899
1487 246
1488 739
1489 493
1490 1396
1491 165
1492 867
1493 87
1494 145
1495 1200
1496 1409
1497 409
1498 889
1499 251
1500 1475
1501 1014
1502 393
1503 858
1504 1042
1505 123
1506 431
1507 208
1508 1229
1509 336
1510 1059
1511 673
1512 322
1513 992
1514 1458
1515 1469
1516 1086
1517 1102
1518 534
1519 780
1520 900
1521 1078
1522 425
1523 659
1524 821
1525 488
1526 1198
1527 1381
1528 853
1529 657
1530 858
1531 1241
1532 269
1533 343
1534 106
1535 999
1536 872
1537 888
1538 877
1539 1234
1540 1187
1541 54
1542 1099
1543 164
1544 621
1545 573
1546 1456
1547 1055
1548 369
1549 388
1550 1426
1551 749
1552 146
1553 537
1554 1256
1555 706
1556 270
1557 488
1558 1506
1559 987
1560 1532
1561 413
1562 1503
1563 475
1564 1234
1565 417
1566 1057
1567 1157
1568 100
1569 1042
1570 271
1571 1236
1572 1403
1573 1206
1574 201
1575 900
1576 952
1577 451
1578 1465
1579 1271
1580 403
1581 851
1582 693
1583 1049
1584 29
1585 109
1586 178
1587 799
1588 390
1589 1390
1590 1004
1591 1191
1592 650
1593 774
1594 1385
1595 1113
1596 621
1597 592
1598 1078
1599 1362
1600 1330
1601 691
1602 1330
1603 1302
1604 978
1605 449
1606 1352
1607 1011
1608 110
1609 1200
1610 9
1611 10
1612 1093
1613 1188
1614 256
1615 17
1616 1379
1617 1388
1618 1249
1619 1533
1620 1251
1621 368
1622 1527
1623 988
1624 673
1625 634
1626 1024
1627 184
1628 873
1629 43
1630 501
1631 1591
1632 1269
1633 257
1634 1085
1635 615
1636 1363
1637 711
1638 1246
1639 522
1640 485
1641 869
1642 1039
1643 1105
1644 1276
1645 1360
1646 1262
1647 1507
1648 322
1649 1132
1650 1642
1651 326
1652 1447
1653 768
1654 583
1655 1126
1656 769
1657 369
1658 230
1659 507
1660 46
1661 1016
1662 423
1663 150
1664 1276
1665 1061
1666 1228
1667 560
1668 444
1669 1068
1670 270
1671 1278
1672 1619
1673 585
1674 949
1675 1204
1676 1531
1677 1466
1678 828
1679 1441
1680 1250
1681 1190
1682 1063
1683 568
1684 1200
1685 271
1686 1596
1687 640
1688 580
1689 37
1690 1389
1691 1050
1692 537
1693 1125
1694 464
1695 68
1696 1298
1697 679
1698 185
1699 175
1700 1491
1701 1172
1702 1373
1703 1323
1704 745
1705 1038
1706 774
1707 1698
1708 1214
1709 1605
1710 521
1711 255
1712 142
1713 1505
1714 735
1715 111
1716 103
1717 1089
1718 408
1719 460
1720 1037
1721 604
1722 1084
1723 540
1724 1218
1725 595
1726 780
1727 926
1728 1270
1729 14
1730 191
1731 1006
1732 426
1733 1582
1734 1079
1735 796
1736 1613
1737 1018
1738 181
1739 1113
1740 495
1741 700
1742 801
1743 968
1744 110
1745 1127
1746 49
1747 817
1748 1050
1749 1694
1750 509
1751 1181
1752 1446
1753 1168
1754 1037
1755 1634
1756 1292
1757 1498
1758 1449
1759 1072
1760 1192
1761 260
1762 1368
1763 502
1764 1329
1765 671
1766 1564
1767 102
1768 28
1769 1102
1770 1271
1771 483
1772 1436
1773 1720
1774 763
1775 835
1776 239
1777 670
1778 778
1779 848
1780 741
1781 1486
1782 327
1783 898
1784 1116
1785 535
1786 992
1787 784
1788 1085
1789 33
1790 688
1791 1391
1792 775
1793 431
1794 1160
1795 1070
1796 1425
1797 1251
1798 247
1799 613
1800 1657
1801 1354
1802 1336
1803 50
1804 1549
1805 785
1806 1571
1807 104
1808 1445
1809 415
1810 1481
1811 287
1812 522
1813 260
1814 834
1815 419
1816 1696
1817 1593
