2027 1015
2 1
3 1
4 3
5 3
6 2
7 4
8 6
9 7
10 4
11 4
12 9
13 12
14 10
15 9
16 10
17 9
18 17
19 16
20 19
21 13
22 2
23 10
24 5
25 19
26 2
27 25
28 10
29 1
30 23
31 12
32 9
33 7
34 20
35 22
36 20
37 24
38 16
39 33
40 23
41 29
42 33
43 18
44 17
45 36
46 16
47 13
48 28
49 22
50 40
51 46
52 48
53 33
54 51
55 40
56 6
57 21
58 7
59 44
60 34
61 57
62 37
63 20
64 15
65 48
66 43
67 59
68 32
69 61
70 28
71 14
72 44
73 67
74 25
75 39
76 6
77 5
78 56
79 30
80 17
81 45
82 44
83 16
84 40
85 8
86 42
87 8
88 9
89 2
90 30
91 60
92 35
93 21
94 52
95 61
96 82
97 7
98 74
99 59
100 58
101 32
102 51
103 19
104 91
105 89
106 45
107 95
108 94
109 27
110 2
111 50
112 103
113 70
114 53
115 35
116 46
117 49
118 27
119 52
120 8
121 26
122 31
123 116
124 92
125 67
126 120
127 46
128 39
129 116
130 58
131 95
132 121
133 101
134 131
135 106
136 121
137 15
138 47
139 41
140 87
141 130
142 100
143 42
144 33
145 105
146 20
147 18
148 2
149 5
150 57
151 54
152 42
153 95
154 112
155 74
156 3
157 93
158 72
159 131
160 133
161 63
162 159
163 151
164 120
165 82
166 138
167 39
168 22
169 4
170 140
171 150
172 125
173 141
174 99
175 38
176 76
177 30
178 81
179 17
180 167
181 4
182 96
183 14
184 19
185 151
186 127
187 29
188 100
189 116
190 136
191 34
192 115
193 176
194 85
195 171
196 3
197 141
198 79
199 150
200 153
201 106
202 45
203 89
204 10
205 46
206 79
207 149
208 125
209 77
210 127
211 179
212 93
213 182
214 93
215 111
216 2
217 28
218 99
219 44
220 176
221 96
222 72
223 187
224 3
225 110
226 74
227 158
228 218
229 188
230 144
231 125
232 92
233 199
234 54
235 144
236 22
237 31
238 126
239 22
240 237
241 109
242 141
243 205
244 104
245 35
246 108
247 108
248 228
249 100
250 58
251 39
252 197
253 232
254 141
255 193
256 148
257 34
258 53
259 179
260 87
261 97
262 1
263 79
264 192
265 12
266 150
267 57
268 236
269 253
270 10
271 85
272 181
273 87
274 222
275 57
276 181
277 202
278 115
279 184
280 26
281 231
282 261
283 9
284 207
285 166
286 216
287 6
288 76
289 20
290 123
291 65
292 264
293 256
294 289
295 85
296 64
297 64
298 34
299 113
300 274
301 20
302 134
303 63
304 142
305 115
306 160
307 54
308 182
309 72
310 111
311 27
312 14
313 63
314 70
315 5
316 184
317 112
318 287
319 241
320 82
321 140
322 256
323 220
324 216
325 95
326 3
327 94
328 245
329 93
330 12
331 223
332 43
333 147
334 280
335 244
336 253
337 329
338 137
339 284
340 52
341 317
342 331
343 274
344 187
345 115
346 235
347 87
348 75
349 147
350 153
351 57
352 123
353 274
354 107
355 185
356 75
357 48
358 162
359 244
360 91
361 97
362 319
363 133
364 330
365 136
366 100
367 239
368 131
369 368
370 86
371 98
372 105
373 73
374 13
375 119
376 26
377 298
378 139
379 187
380 46
381 159
382 196
383 335
384 112
385 173
386 151
387 201
388 310
389 377
390 108
391 355
392 265
393 173
394 228
395 142
396 362
397 21
398 28
399 315
400 326
401 258
402 2
403 195
404 212
405 348
406 339
407 116
408 268
409 245
410 49
411 58
412 271
413 143
414 366
415 7
416 298
417 39
418 157
419 74
420 313
421 244
422 59
423 20
424 37
425 265
426 53
427 227
428 71
429 15
430 36
431 96
432 49
433 405
434 258
435 233
436 345
437 125
438 272
439 377
440 338
441 364
442 98
443 391
444 93
445 129
446 348
447 423
448 402
449 134
450 210
451 53
452 316
453 6
454 12
455 320
456 208
457 109
458 120
459 156
460 140
461 298
462 431
463 347
464 422
465 402
466 332
467 365
468 221
469 398
470 163
471 207
472 418
473 63
474 245
475 413
476 79
477 279
478 267
479 205
480 139
481 371
482 350
483 252
484 162
485 406
486 59
487 447
488 215
489 257
490 242
491 84
492 305
493 57
494 328
495 143
496 47
497 385
498 326
499 218
500 482
501 77
502 321
503 214
504 30
505 477
506 156
507 33
508 301
509 182
510 341
511 419
512 141
513 21
514 92
515 127
516 211
517 26
518 41
519 88
520 437
521 188
522 454
523 432
524 75
525 490
526 106
527 446
528 249
529 185
530 309
531 230
532 278
533 239
534 511
535 12
536 264
537 335
538 115
539 29
540 140
541 402
542 415
543 417
544 127
545 54
546 222
547 61
548 154
549 28
550 304
551 446
552 116
553 416
554 320
555 268
556 365
557 455
558 17
559 69
560 282
561 420
562 35
563 155
564 523
565 252
566 472
567 226
568 420
569 526
570 95
571 511
572 190
573 179
574 112
575 131
576 361
577 28
578 199
579 528
580 139
581 473
582 504
583 562
584 127
585 75
586 335
587 147
588 247
589 413
590 224
591 579
592 587
593 40
594 363
595 35
596 342
597 215
598 156
599 297
600 89
601 376
602 141
603 374
604 268
605 540
606 547
607 305
608 528
609 112
610 378
611 30
612 114
613 289
614 282
615 36
616 154
617 374
618 203
619 176
620 149
621 476
622 482
623 544
624 197
625 46
626 288
627 187
628 601
629 145
630 59
631 543
632 481
633 133
634 46
635 425
636 3
637 366
638 104
639 591
640 533
641 474
642 131
643 107
644 136
645 132
646 218
647 530
648 248
649 280
650 360
651 199
652 8
653 384
654 489
655 193
656 473
657 238
658 94
659 49
660 389
661 275
662 361
663 449
664 437
665 279
666 262
667 628
668 641
669 62
670 332
671 624
672 398
673 514
674 567
675 138
676 493
677 410
678 589
679 109
680 202
681 403
682 618
683 542
684 533
685 32
686 213
687 547
688 277
689 400
690 288
691 535
692 352
693 339
694 568
695 416
696 70
697 364
698 150
699 204
700 417
701 142
702 113
703 377
704 689
705 16
706 159
707 350
708 117
709 10
710 642
711 236
712 15
713 5
714 436
715 234
716 232
717 302
718 494
719 396
720 119
721 187
722 650
723 660
724 354
725 5
726 221
727 582
728 540
729 198
730 49
731 32
732 571
733 174
734 555
735 115
736 373
737 395
738 538
739 244
740 410
741 77
742 219
743 670
744 115
745 495
746 339
747 358
748 584
749 128
750 384
751 212
752 361
753 601
754 520
755 225
756 468
757 219
758 290
759 741
760 546
761 275
762 239
763 284
764 3
765 228
766 303
767 218
768 24
769 380
770 526
771 190
772 327
773 111
774 300
775 457
776 720
777 457
778 145
779 395
780 191
781 95
782 766
783 104
784 209
785 560
786 765
787 142
788 31
789 555
790 148
791 690
792 195
793 203
794 478
795 311
796 694
797 110
798 386
799 654
800 156
801 43
802 485
803 216
804 609
805 676
806 742
807 454
808 622
809 387
810 211
811 804
812 600
813 255
814 530
815 437
816 649
817 345
818 281
819 537
820 605
821 739
822 506
823 790
824 221
825 632
826 409
827 224
828 342
829 685
830 548
831 404
832 119
833 224
834 347
835 99
836 343
837 272
838 413
839 764
840 654
841 380
842 71
843 823
844 642
845 315
846 140
847 226
848 566
849 699
850 280
851 435
852 428
853 665
854 139
855 394
856 500
857 481
858 508
859 851
860 75
861 5
862 326
863 681
864 80
865 355
866 706
867 114
868 499
869 642
870 824
871 143
872 285
873 174
874 233
875 720
876 712
877 485
878 755
879 63
880 490
881 576
882 317
883 515
884 332
885 378
886 646
887 801
888 382
889 781
890 218
891 639
892 167
893 66
894 779
895 577
896 592
897 123
898 635
899 249
900 688
901 44
902 183
903 605
904 858
905 119
906 600
907 342
908 462
909 35
910 634
911 594
912 247
913 654
914 78
915 282
916 519
917 557
918 295
919 351
920 734
921 285
922 219
923 330
924 811
925 752
926 288
927 353
928 729
929 786
930 430
931 217
932 591
933 608
934 151
935 197
936 191
937 696
938 509
939 816
940 718
941 338
942 775
943 665
944 769
945 783
946 283
947 921
948 710
949 284
950 167
951 810
952 570
953 473
954 409
955 265
956 801
957 330
958 367
959 62
960 503
961 782
962 56
963 207
964 307
965 903
966 911
967 724
968 330
969 713
970 736
971 854
972 278
973 586
974 199
975 764
976 232
977 793
978 96
979 944
980 220
981 245
982 356
983 43
984 514
985 921
986 228
987 743
988 872
989 974
990 646
991 476
992 962
993 856
994 836
995 175
996 536
997 8
998 955
999 50
1000 334
1001 865
1002 903
1003 195
1004 907
1005 211
1006 342
1007 353
1008 312
1009 628
1010 35
1011 539
1012 638
1013 813
1014 841
1015 279
1016 415
1017 956
1018 107
1019 222
1020 996
1021 990
1022 274
1023 714
1024 286
1025 88
1026 330
1027 480
1028 913
1029 549
1030 490
1031 1016
1032 783
1033 778
1034 852
1035 80
1036 817
1037 252
1038 650
1039 286
1040 901
1041 282
1042 531
1043 81
1044 974
1045 652
1046 429
1047 315
1048 134
1049 379
1050 719
1051 379
1052 130
1053 631
1054 80
1055 807
1056 976
1057 949
1058 757
1059 409
1060 862
1061 612
1062 711
1063 779
1064 392
1065 170
1066 608
1067 139
1068 264
1069 830
1070 504
1071 703
1072 129
1073 210
1074 719
1075 39
1076 269
1077 378
1078 688
1079 205
1080 337
1081 303
1082 103
1083 934
1084 643
1085 152
1086 449
1087 19
1088 847
1089 24
1090 248
1091 246
1092 663
1093 202
1094 362
1095 904
1096 64
1097 850
1098 425
1099 118
1100 784
1101 1061
1102 967
1103 574
1104 511
1105 291
1106 1065
1107 914
1108 606
1109 758
1110 351
1111 333
1112 224
1113 454
1114 811
1115 272
1116 347
1117 583
1118 61
1119 663
1120 533
1121 714
1122 446
1123 214
1124 851
1125 595
1126 719
1127 75
1128 312
1129 746
1130 168
1131 26
1132 416
1133 57
1134 640
1135 558
1136 642
1137 278
1138 1051
1139 924
1140 838
1141 394
1142 1029
1143 510
1144 338
1145 808
1146 160
1147 368
1148 10
1149 978
1150 512
1151 82
1152 39
1153 273
1154 636
1155 903
1156 876
1157 1155
1158 1122
1159 340
1160 420
1161 962
1162 609
1163 532
1164 40
1165 54
1166 579
1167 526
1168 291
1169 835
1170 1059
1171 461
1172 462
1173 928
1174 805
1175 363
1176 268
1177 959
1178 192
1179 734
1180 321
1181 118
1182 3
1183 806
1184 688
1185 21
1186 626
1187 488
1188 509
1189 978
1190 352
1191 294
1192 754
1193 529
1194 844
1195 483
1196 17
1197 1160
1198 1042
1199 485
1200 85
1201 754
1202 354
1203 327
1204 367
1205 385
1206 375
1207 1175
1208 813
1209 977
1210 778
1211 797
1212 434
1213 923
1214 1106
1215 1009
1216 360
1217 128
1218 1179
1219 350
1220 330
1221 55
1222 1131
1223 138
1224 597
1225 1129
1226 1073
1227 1028
1228 727
1229 1038
1230 468
1231 619
1232 411
1233 218
1234 574
1235 644
1236 1053
1237 997
1238 1032
1239 238
1240 71
1241 704
1242 1167
1243 446
1244 735
1245 1221
1246 1062
1247 316
1248 1170
1249 632
1250 1042
1251 923
1252 790
1253 1123
1254 88
1255 855
1256 500
1257 856
1258 810
1259 113
1260 680
1261 905
1262 201
1263 60
1264 666
1265 900
1266 706
1267 1088
1268 53
1269 1027
1270 316
1271 161
1272 243
1273 898
1274 987
1275 857
1276 563
1277 195
1278 1201
1279 1010
1280 181
1281 679
1282 528
1283 46
1284 756
1285 194
1286 145
1287 857
1288 391
1289 1031
1290 82
1291 846
1292 1127
1293 413
1294 933
1295 395
1296 430
1297 520
1298 529
1299 495
1300 85
1301 697
1302 875
1303 713
1304 191
1305 1287
1306 305
1307 269
1308 253
1309 331
1310 830
1311 1274
1312 1154
1313 1139
1314 11
1315 673
1316 217
1317 628
1318 1204
1319 573
1320 243
1321 701
1322 345
1323 1192
1324 973
1325 1046
1326 1219
1327 819
1328 1110
1329 142
1330 1037
1331 903
1332 177
1333 361
1334 268
1335 170
1336 1263
1337 625
1338 1112
1339 1077
1340 617
1341 431
1342 744
1343 779
1344 148
1345 1093
1346 1273
1347 147
1348 594
1349 537
1350 1238
1351 411
1352 1173
1353 484
1354 927
1355 636
1356 551
1357 887
1358 1026
1359 1235
1360 1187
1361 1022
1362 588
1363 984
1364 240
1365 748
1366 1223
1367 1214
1368 905
1369 1071
1370 749
1371 1197
1372 602
1373 1204
1374 435
1375 831
1376 597
1377 516
1378 695
1379 665
1380 505
1381 312
1382 612
1383 860
1384 242
1385 810
1386 47
1387 37
1388 798
1389 22
1390 998
1391 135
1392 39
1393 768
1394 163
1395 221
1396 632
1397 210
1398 326
1399 402
1400 871
1401 984
1402 604
1403 1366
1404 640
1405 266
1406 714
1407 34
1408 514
1409 666
1410 925
1411 968
1412 319
1413 283
1414 616
1415 217
1416 554
1417 16
1418 916
1419 1287
1420 1257
1421 625
1422 973
1423 357
1424 135
1425 651
1426 1167
1427 1223
1428 1425
1429 1319
1430 1394
1431 1255
1432 914
1433 1149
1434 1169
1435 1392
1436 592
1437 777
1438 1040
1439 327
1440 222
1441 45
1442 793
1443 250
1444 1371
1445 484
1446 814
1447 1064
1448 808
1449 342
1450 1264
1451 562
1452 503
1453 529
1454 281
1455 897
1456 346
1457 648
1458 1176
1459 611
1460 300
1461 26
1462 1040
1463 1278
1464 76
1465 782
1466 1350
1467 384
1468 1280
1469 796
1470 1193
1471 285
1472 223
1473 422
1474 1140
1475 1203
1476 73
1477 604
1478 1147
1479 374
1480 355
1481 140
1482 1192
1483 1444
1484 899
1485 1482
1486 11
1487 1368
1488 908
1489 1279
1490 1075
1491 935
1492 605
1493 697
1494 390
1495 350
1496 339
1497 587
1498 989
1499 51
1500 1314
1501 1356
1502 274
1503 1460
1504 1272
1505 205
1506 566
1507 1016
1508 1230
1509 998
1510 230
1511 247
1512 632
1513 1466
1514 1328
1515 997
1516 546
1517 548
1518 340
1519 74
1520 503
1521 40
1522 520
1523 661
1524 1340
1525 410
1526 54
1527 579
1528 1445
1529 1075
1530 552
1531 1039
1532 769
1533 657
1534 140
1535 423
1536 1463
1537 1130
1538 158
1539 366
1540 285
1541 1236
1542 159
1543 496
1544 1287
1545 151
1546 731
1547 1425
1548 346
1549 1342
1550 1273
1551 1443
1552 1448
1553 1339
1554 369
1555 1494
1556 1506
1557 1534
1558 978
1559 155
1560 1302
1561 1199
1562 407
1563 1513
1564 174
1565 563
1566 125
1567 1565
1568 679
1569 708
1570 907
1571 700
1572 560
1573 1196
1574 531
1575 706
1576 450
1577 1149
1578 465
1579 315
1580 591
1581 857
1582 547
1583 235
1584 221
1585 831
1586 588
1587 851
1588 692
1589 124
1590 1003
1591 923
1592 930
1593 1392
1594 708
1595 1541
1596 679
1597 658
1598 77
1599 944
1600 640
1601 1445
1602 718
1603 458
1604 1478
1605 831
1606 1219
1607 417
1608 720
1609 290
1610 663
1611 1268
1612 418
1613 822
1614 471
1615 1539
1616 1436
1617 862
1618 1403
1619 849
1620 491
1621 130
1622 873
1623 1156
1624 1574
1625 1204
1626 178
1627 1308
1628 38
1629 1517
1630 1279
1631 1347
1632 802
1633 115
1634 227
1635 457
1636 867
1637 1149
1638 458
1639 40
1640 683
1641 663
1642 449
1643 27
1644 1481
1645 1086
1646 893
1647 1353
1648 12
1649 1198
1650 103
1651 556
1652 1148
1653 1606
1654 1085
1655 1602
1656 45
1657 1019
1658 1460
1659 413
1660 1600
1661 578
1662 683
1663 104
1664 604
1665 1431
1666 764
1667 1064
1668 423
1669 1082
1670 916
1671 788
1672 130
1673 571
1674 1044
1675 1538
1676 649
1677 1332
1678 135
1679 1113
1680 933
1681 168
1682 1557
1683 94
1684 1298
1685 1365
1686 48
1687 1296
1688 1617
1689 895
1690 384
1691 450
1692 1006
1693 339
1694 334
1695 1634
1696 337
1697 1369
1698 1280
1699 853
1700 822
1701 426
1702 400
1703 1329
1704 643
1705 312
1706 542
1707 344
1708 1144
1709 795
1710 569
1711 97
1712 953
1713 1491
1714 1613
1715 647
1716 351
1717 707
1718 773
1719 1168
1720 845
1721 78
1722 466
1723 394
1724 154
1725 1121
1726 388
1727 268
1728 84
1729 832
1730 623
1731 1384
1732 1231
1733 1564
1734 640
1735 1632
1736 971
1737 68
1738 634
1739 1295
1740 1493
1741 542
1742 1453
1743 1172
1744 143
1745 457
1746 1311
1747 681
1748 3
1749 1332
1750 1260
1751 63
1752 1595
1753 1074
1754 486
1755 32
1756 579
1757 1580
1758 308
1759 1194
1760 1604
1761 1014
1762 1022
1763 510
1764 171
1765 1529
1766 533
1767 84
1768 357
1769 1184
1770 960
1771 107
1772 216
1773 118
1774 95
1775 1593
1776 952
1777 288
1778 647
1779 40
1780 900
1781 1236
1782 986
1783 1326
1784 100
1785 345
1786 188
1787 928
1788 370
1789 1395
1790 156
1791 1361
1792 1122
1793 417
1794 695
1795 1450
1796 547
1797 869
1798 70
1799 189
1800 966
1801 1652
1802 517
1803 1238
1804 42
1805 643
1806 598
1807 1608
1808 519
1809 1137
1810 99
1811 617
1812 1398
1813 378
1814 499
1815 515
1816 1650
1817 931
1818 439
1819 857
1820 1753
1821 647
1822 544
1823 1012
1824 1330
1825 938
1826 1076
1827 1397
1828 992
1829 1620
1830 673
1831 1616
1832 749
1833 1024
1834 1688
1835 95
1836 324
1837 597
1838 1763
1839 1524
1840 322
1841 628
1842 848
1843 1755
1844 737
1845 71
1846 1383
1847 679
1848 932
1849 826
1850 1789
1851 10
1852 454
1853 889
1854 900
1855 793
1856 1788
1857 185
1858 234
1859 1077
1860 1660
1861 518
1862 1202
1863 673
1864 895
1865 1587
1866 432
1867 950
1868 1757
1869 352
1870 630
1871 1534
1872 995
1873 801
1874 1831
1875 1439
1876 877
1877 1388
1878 493
1879 1339
1880 768
1881 1429
1882 589
1883 87
1884 1493
1885 111
1886 1571
1887 642
1888 386
1889 214
1890 1379
1891 278
1892 995
1893 750
1894 1312
1895 535
1896 63
1897 1551
1898 374
1899 519
1900 1529
1901 395
1902 1799
1903 34
1904 1276
1905 352
1906 162
1907 171
1908 372
1909 666
1910 918
1911 188
1912 842
1913 107
1914 775
1915 963
1916 295
1917 606
1918 966
1919 761
1920 449
1921 1416
1922 1634
1923 286
1924 1532
1925 749
1926 567
1927 383
1928 1105
1929 1786
1930 1136
1931 419
1932 481
1933 671
1934 9
1935 1883
1936 100
1937 1752
1938 865
1939 10
1940 1809
1941 1940
1942 1051
1943 1826
1944 270
1945 469
1946 415
1947 485
1948 53
1949 233
1950 1728
1951 668
1952 1267
1953 920
1954 1105
1955 730
1956 50
1957 1471
1958 476
1959 253
1960 149
1961 1933
1962 850
1963 1479
1964 741
1965 1296
1966 548
1967 461
1968 1231
1969 370
1970 519
1971 390
1972 827
1973 641
1974 1201
1975 119
1976 260
1977 667
1978 286
1979 1209
1980 259
1981 1954
1982 1864
1983 1289
1984 1235
1985 1742
1986 706
1987 1906
1988 427
1989 128
1990 364
1991 882
1992 1477
1993 1344
1994 293
1995 1549
1996 1352
1997 1458
1998 20
1999 771
2000 751
2001 1254
2002 1235
2003 304
2004 760
2005 1956
2006 871
2007 1580
2008 345
2009 469
2010 431
2011 1279
2012 572
2013 1195
2014 372
2015 1244
2016 1681
2017 114
2018 207
2019 1788
2020 1501
2021 940
2022 1522
2023 972
2024 97
2025 1138
2026 667
2027 850
