4147 2073
2 1
3 1
4 3
5 3
6 1
7 2
8 5
9 7
10 9
11 2
12 6
13 12
14 6
15 5
16 13
17 1
18 7
19 6
20 3
21 1
22 21
23 8
24 20
25 3
26 5
27 13
28 11
29 9
30 13
31 6
32 17
33 31
34 1
35 14
36 29
37 4
38 32
39 3
40 31
41 5
42 36
43 12
44 26
45 36
46 36
47 5
48 28
49 30
50 25
51 12
52 7
53 5
54 44
55 22
56 5
57 21
58 7
59 36
60 48
61 25
62 45
63 4
64 51
65 40
66 40
67 35
68 1
69 33
70 69
71 8
72 48
73 35
74 23
75 53
76 56
77 21
78 8
79 26
80 45
81 37
82 52
83 16
84 40
85 48
86 9
87 44
88 33
89 34
90 84
91 40
92 41
93 1
94 30
95 67
96 20
97 31
98 68
99 15
100 71
101 28
102 69
103 5
104 26
105 1
106 104
107 89
108 101
109 107
110 66
111 30
112 67
113 30
114 51
115 25
116 63
117 29
118 7
119 8
120 80
121 50
122 82
123 36
124 68
125 111
126 63
127 44
128 88
129 108
130 51
131 75
132 33
133 41
134 90
135 116
136 9
137 23
138 86
139 135
140 32
141 122
142 48
143 54
144 5
145 81
146 145
147 76
148 68
149 61
150 120
151 148
152 74
153 87
154 76
155 40
156 135
157 117
158 57
159 99
160 112
161 55
162 82
163 55
164 47
165 106
166 84
167 39
168 144
169 140
170 129
171 88
172 137
173 129
174 6
175 86
176 92
177 118
178 133
179 159
180 60
181 28
182 141
183 14
184 122
185 135
186 18
187 143
188 165
189 4
190 66
191 92
192 60
193 104
194 164
195 93
196 158
197 105
198 146
199 116
200 30
201 34
202 133
203 83
204 120
205 86
206 96
207 59
208 16
209 53
210 52
211 153
212 211
213 82
214 122
215 9
216 164
217 36
218 184
219 152
220 114
221 100
222 138
223 69
224 32
225 70
226 99
227 156
228 22
229 172
230 186
231 191
232 217
233 159
234 112
235 114
236 46
237 147
238 96
239 176
240 93
241 181
242 183
243 109
244 159
245 127
246 210
247 150
248 227
249 20
250 51
251 245
252 100
253 180
254 194
255 125
256 9
257 26
258 142
259 37
260 71
261 249
262 203
263 159
264 57
265 28
266 120
267 3
268 28
269 237
270 140
271 89
272 150
273 79
274 27
275 139
276 114
277 174
278 142
279 122
280 8
281 55
282 218
283 143
284 166
285 214
286 228
287 224
288 231
289 140
290 12
291 63
292 150
293 264
294 68
295 251
296 242
297 152
298 100
299 287
300 256
301 248
302 182
303 57
304 105
305 235
306 48
307 178
308 145
309 44
310 119
311 145
312 244
313 15
314 121
315 177
316 90
317 12
318 187
319 19
320 186
321 4
322 223
323 156
324 101
325 55
326 288
327 296
328 103
329 165
330 116
331 211
332 284
333 151
334 247
335 290
336 259
337 65
338 326
339 250
340 94
341 257
342 141
343 106
344 148
345 115
346 314
347 263
348 240
349 187
350 99
351 59
352 95
353 330
354 260
355 85
356 294
357 208
358 337
359 300
360 87
361 65
362 140
363 325
364 45
365 180
366 102
367 59
368 133
369 296
370 145
371 50
372 28
373 317
374 341
375 197
376 38
377 82
378 122
379 273
380 328
381 39
382 377
383 371
384 208
385 293
386 229
387 147
388 318
389 261
390 217
391 365
392 265
393 141
394 199
395 346
396 242
397 161
398 351
399 107
400 181
401 122
402 232
403 15
404 235
405 12
406 33
407 16
408 244
409 333
410 291
411 194
412 278
413 179
414 98
415 35
416 359
417 319
418 78
419 82
420 271
421 232
422 372
423 386
424 401
425 401
426 201
427 61
428 135
429 399
430 276
431 264
432 380
433 301
434 222
435 383
436 382
437 109
438 372
439 205
440 95
441 188
442 122
443 83
444 316
445 125
446 229
447 225
448 173
449 254
450 120
451 189
452 202
453 14
454 143
455 38
456 159
457 221
458 174
459 324
460 93
461 90
462 427
463 23
464 96
465 442
466 43
467 279
468 175
469 418
470 292
471 339
472 148
473 263
474 40
475 363
476 221
477 223
478 316
479 313
480 227
481 75
482 210
483 284
484 45
485 210
486 24
487 435
488 421
489 81
490 381
491 248
492 303
493 81
494 206
495 463
496 118
497 409
498 469
499 436
500 403
501 113
502 314
503 482
504 428
505 189
506 433
507 129
508 150
509 406
510 333
511 125
512 227
513 269
514 421
515 309
516 231
517 226
518 298
519 386
520 451
521 188
522 19
523 248
524 522
525 326
526 20
527 302
528 382
529 33
530 487
531 2
532 410
533 271
534 285
535 222
536 516
537 511
538 426
539 77
540 518
541 238
542 292
543 425
544 339
545 462
546 56
547 5
548 363
549 48
550 166
551 350
552 489
553 208
554 509
555 122
556 171
557 31
558 408
559 157
560 46
561 204
562 342
563 1
564 277
565 112
566 58
567 38
568 87
569 158
570 6
571 267
572 132
573 563
574 252
575 117
576 252
577 212
578 113
579 232
580 314
581 557
582 173
583 368
584 340
585 379
586 434
587 439
588 577
589 145
590 478
591 481
592 46
593 560
594 261
595 157
596 135
597 311
598 47
599 161
600 433
601 152
602 75
603 482
604 188
605 416
606 118
607 93
608 162
609 296
610 60
611 6
612 91
613 469
614 152
615 496
616 380
617 446
618 542
619 228
620 449
621 76
622 388
623 564
624 38
625 422
626 10
627 599
628 572
629 177
630 50
631 559
632 432
633 301
634 182
635 549
636 551
637 570
638 185
639 329
640 613
641 338
642 149
643 251
644 549
645 368
646 357
647 428
648 559
649 384
650 16
651 523
652 349
653 60
654 467
655 355
656 169
657 150
658 7
659 11
660 374
661 407
662 345
663 603
664 59
665 87
666 645
667 614
668 359
669 34
670 296
671 582
672 381
673 410
674 599
675 588
676 127
677 402
678 508
679 39
680 111
681 283
682 503
683 286
684 578
685 600
686 656
687 59
688 579
689 472
690 663
691 495
692 233
693 83
694 534
695 164
696 122
697 356
698 346
699 462
700 437
701 194
702 174
703 399
704 366
705 392
706 29
707 270
708 661
709 334
710 282
711 224
712 299
713 117
714 479
715 420
716 590
717 242
718 698
719 196
720 436
721 371
722 543
723 622
724 41
725 213
726 111
727 554
728 423
729 350
730 161
731 356
732 343
733 122
734 9
735 173
736 354
737 675
738 338
739 82
740 85
741 257
742 194
743 370
744 347
745 615
746 679
747 38
748 11
749 384
750 394
751 258
752 6
753 529
754 378
755 17
756 515
757 659
758 354
759 497
760 324
761 243
762 319
763 258
764 259
765 460
766 741
767 530
768 100
769 372
770 294
771 394
772 745
773 327
774 60
775 393
776 191
777 281
778 218
779 17
780 159
781 499
782 757
783 612
784 748
785 120
786 635
787 182
788 114
789 475
790 535
791 408
792 723
793 699
794 602
795 469
796 776
797 254
798 499
799 260
800 391
801 739
802 576
803 318
804 709
805 212
806 151
807 536
808 203
809 403
810 40
811 6
812 476
813 543
814 671
815 447
816 580
817 481
818 202
819 109
820 255
821 147
822 640
823 334
824 804
825 552
826 288
827 186
828 519
829 733
830 152
831 436
832 577
833 280
834 290
835 119
836 698
837 644
838 142
839 74
840 473
841 332
842 424
843 831
844 832
845 583
846 798
847 696
848 471
849 435
850 780
851 773
852 138
853 585
854 297
855 638
856 347
857 185
858 655
859 143
860 723
861 53
862 594
863 281
864 799
865 315
866 404
867 500
868 363
869 118
870 60
871 53
872 470
873 678
874 132
875 234
876 546
877 657
878 286
879 305
880 84
881 392
882 597
883 303
884 693
885 126
886 293
887 737
888 380
889 645
890 512
891 471
892 649
893 10
894 579
895 77
896 446
897 627
898 792
899 551
900 100
901 688
902 721
903 51
904 634
905 79
906 685
907 588
908 429
909 227
910 29
911 622
912 148
913 902
914 272
915 754
916 357
917 701
918 126
919 1
920 28
921 53
922 55
923 662
924 435
925 604
926 348
927 709
928 386
929 714
930 145
931 819
932 83
933 60
934 292
935 793
936 557
937 792
938 483
939 240
940 669
941 438
942 630
943 589
944 154
945 327
946 724
947 227
948 520
949 836
950 619
951 292
952 545
953 289
954 250
955 753
956 62
957 94
958 282
959 506
960 575
961 838
962 454
963 531
964 755
965 59
966 37
967 800
968 447
969 753
970 28
971 594
972 652
973 502
974 46
975 164
976 641
977 353
978 84
979 518
980 647
981 17
982 981
983 191
984 366
985 713
986 525
987 785
988 656
989 558
990 428
991 142
992 587
993 816
994 635
995 507
996 235
997 760
998 568
999 2
1000 266
1001 657
1002 852
1003 635
1004 422
1005 475
1006 674
1007 207
1008 160
1009 12
1010 735
1011 765
1012 281
1013 193
1014 839
1015 857
1016 642
1017 932
1018 117
1019 330
1020 183
1021 334
1022 170
1023 52
1024 357
1025 848
1026 74
1027 182
1028 855
1029 645
1030 100
1031 192
1032 594
1033 386
1034 562
1035 570
1036 455
1037 32
1038 398
1039 928
1040 732
1041 850
1042 488
1043 301
1044 460
1045 260
1046 728
1047 277
1048 800
1049 67
1050 1018
1051 489
1052 1046
1053 559
1054 826
1055 1029
1056 630
1057 237
1058 29
1059 731
1060 148
1061 984
1062 931
1063 151
1064 146
1065 170
1066 79
1067 999
1068 441
1069 958
1070 833
1071 825
1072 118
1073 202
1074 509
1075 573
1076 686
1077 74
1078 840
1079 609
1080 427
1081 71
1082 524
1083 784
1084 12
1085 100
1086 358
1087 549
1088 116
1089 848
1090 715
1091 546
1092 355
1093 598
1094 830
1095 76
1096 920
1097 1050
1098 521
1099 398
1100 188
1101 169
1102 328
1103 62
1104 485
1105 555
1106 159
1107 976
1108 386
1109 970
1110 1017
1111 151
1112 849
1113 942
1114 568
1115 1078
1116 677
1117 763
1118 238
1119 515
1120 600
1121 770
1122 505
1123 812
1124 975
1125 815
1126 864
1127 441
1128 144
1129 954
1130 336
1131 326
1132 349
1133 1053
1134 787
1135 1094
1136 21
1137 446
1138 1098
1139 770
1140 160
1141 814
1142 684
1143 1036
1144 40
1145 8
1146 910
1147 222
1148 964
1149 238
1150 908
1151 1040
1152 1032
1153 9
1154 799
1155 965
1156 574
1157 811
1158 496
1159 980
1160 387
1161 986
1162 460
1163 936
1164 629
1165 574
1166 1128
1167 12
1168 628
1169 1131
1170 333
1171 355
1172 792
1173 1104
1174 250
1175 853
1176 848
1177 311
1178 1146
1179 1070
1180 321
1181 1118
1182 609
1183 1112
1184 369
1185 717
1186 993
1187 1016
1188 540
1189 278
1190 885
1191 682
1192 920
1193 761
1194 863
1195 583
1196 1091
1197 1188
1198 412
1199 613
1200 309
1201 682
1202 773
1203 823
1204 610
1205 173
1206 46
1207 1197
1208 1013
1209 441
1210 531
1211 725
1212 935
1213 903
1214 325
1215 33
1216 1196
1217 440
1218 561
1219 108
1220 290
1221 351
1222 61
1223 856
1224 1026
1225 209
1226 240
1227 848
1228 431
1229 1102
1230 669
1231 813
1232 1055
1233 882
1234 248
1235 828
1236 954
1237 1101
1238 545
1239 286
1240 313
1241 312
1242 167
1243 222
1244 661
1245 1157
1246 936
1247 764
1248 375
1249 368
1250 1136
1251 913
1252 856
1253 1023
1254 726
1255 1163
1256 1
1257 432
1258 273
1259 1167
1260 602
1261 457
1262 913
1263 1050
1264 856
1265 908
1266 83
1267 1216
1268 334
1269 683
1270 782
1271 1181
1272 412
1273 826
1274 955
1275 737
1276 739
1277 791
1278 567
1279 274
1280 249
1281 927
1282 565
1283 1242
1284 1234
1285 834
1286 307
1287 1175
1288 251
1289 975
1290 353
1291 102
1292 74
1293 545
1294 100
1295 1163
1296 699
1297 976
1298 400
1299 823
1300 984
1301 1213
1302 221
1303 169
1304 351
1305 631
1306 591
1307 509
1308 361
1309 1051
1310 1011
1311 396
1312 838
1313 459
1314 382
1315 499
1316 339
1317 1048
1318 696
1319 325
1320 526
1321 885
1322 358
1323 104
1324 759
1325 806
1326 1025
1327 789
1328 195
1329 918
1330 707
1331 357
1332 752
1333 577
1334 226
1335 672
1336 750
1337 529
1338 1221
1339 1251
1340 596
1341 1047
1342 79
1343 525
1344 791
1345 637
1346 338
1347 141
1348 499
1349 709
1350 1025
1351 371
1352 592
1353 460
1354 587
1355 814
1356 224
1357 447
1358 951
1359 1013
1360 447
1361 502
1362 505
1363 1198
1364 1030
1365 1036
1366 351
1367 1102
1368 1239
1369 39
1370 1129
1371 73
1372 1148
1373 984
1374 97
1375 897
1376 656
1377 156
1378 1312
1379 779
1380 1025
1381 876
1382 374
1383 916
1384 180
1385 154
1386 1187
1387 415
1388 670
1389 866
1390 1122
1391 153
1392 929
1393 408
1394 775
1395 603
1396 362
1397 1210
1398 397
1399 498
1400 1388
1401 224
1402 302
1403 538
1404 1049
1405 262
1406 967
1407 468
1408 860
1409 274
1410 1348
1411 656
1412 1190
1413 467
1414 1177
1415 225
1416 1075
1417 152
1418 1391
1419 703
1420 493
1421 393
1422 691
1423 41
1424 1360
1425 195
1426 72
1427 633
1428 754
1429 739
1430 667
1431 1047
1432 392
1433 533
1434 378
1435 902
1436 634
1437 353
1438 127
1439 617
1440 919
1441 1285
1442 1126
1443 444
1444 446
1445 420
1446 33
1447 1002
1448 529
1449 206
1450 545
1451 658
1452 1322
1453 1249
1454 94
1455 533
1456 515
1457 688
1458 865
1459 639
1460 772
1461 638
1462 592
1463 1112
1464 569
1465 182
1466 1374
1467 916
1468 1249
1469 528
1470 199
1471 961
1472 1335
1473 1054
1474 656
1475 347
1476 691
1477 576
1478 117
1479 1454
1480 985
1481 876
1482 1144
1483 1158
1484 1309
1485 826
1486 986
1487 368
1488 21
1489 247
1490 524
1491 377
1492 36
1493 101
1494 1394
1495 1086
1496 294
1497 19
1498 779
1499 149
1500 506
1501 88
1502 380
1503 202
1504 1360
1505 453
1506 24
1507 808
1508 823
1509 1174
1510 140
1511 963
1512 1301
1513 898
1514 886
1515 1167
1516 1358
1517 1476
1518 900
1519 1114
1520 79
1521 48
1522 920
1523 1231
1524 1287
1525 758
1526 729
1527 243
1528 280
1529 971
1530 1151
1531 3
1532 11
1533 1493
1534 515
1535 1257
1536 527
1537 354
1538 433
1539 1062
1540 778
1541 784
1542 346
1543 974
1544 516
1545 1175
1546 279
1547 761
1548 639
1549 1278
1550 1000
1551 745
1552 1551
1553 595
1554 615
1555 474
1556 1182
1557 410
1558 1004
1559 1301
1560 576
1561 1439
1562 868
1563 1319
1564 444
1565 939
1566 195
1567 1093
1568 286
1569 1532
1570 1039
1571 986
1572 927
1573 1100
1574 245
1575 1236
1576 1389
1577 549
1578 387
1579 587
1580 678
1581 1481
1582 1135
1583 1341
1584 915
1585 55
1586 1064
1587 735
1588 242
1589 1216
1590 60
1591 709
1592 707
1593 240
1594 1415
1595 1489
1596 1150
1597 490
1598 350
1599 806
1600 854
1601 605
1602 1453
1603 526
1604 371
1605 63
1606 140
1607 289
1608 1262
1609 1090
1610 322
1611 1122
1612 1270
1613 1366
1614 290
1615 349
1616 1170
1617 1542
1618 876
1619 275
1620 894
1621 838
1622 1535
1623 692
1624 295
1625 100
1626 158
1627 212
1628 15
1629 1525
1630 1408
1631 927
1632 204
1633 683
1634 135
1635 499
1636 629
1637 221
1638 1512
1639 102
1640 521
1641 1159
1642 578
1643 1297
1644 971
1645 894
1646 1268
1647 129
1648 261
1649 1622
1650 330
1651 1366
1652 429
1653 790
1654 842
1655 752
1656 1020
1657 1491
1658 497
1659 829
1660 443
1661 426
1662 1240
1663 952
1664 561
1665 15
1666 1298
1667 720
1668 1050
1669 1582
1670 629
1671 576
1672 283
1673 1307
1674 1335
1675 420
1676 1092
1677 916
1678 810
1679 1085
1680 426
1681 208
1682 813
1683 862
1684 888
1685 245
1686 265
1687 1626
1688 1600
1689 1191
1690 1432
1691 944
1692 818
1693 539
1694 462
1695 922
1696 1061
1697 1169
1698 1019
1699 1419
1700 107
1701 1182
1702 1377
1703 1675
1704 1187
1705 1128
1706 1058
1707 450
1708 165
1709 667
1710 991
1711 603
1712 1229
1713 1019
1714 218
1715 1565
1716 1206
1717 231
1718 1049
1719 576
1720 1662
1721 70
1722 972
1723 1208
1724 1639
1725 473
1726 1040
1727 490
1728 1639
1729 120
1730 1533
1731 770
1732 386
1733 1216
1734 280
1735 1456
1736 235
1737 836
1738 768
1739 1397
1740 464
1741 922
1742 530
1743 972
1744 1266
1745 1457
1746 1330
1747 1535
1748 655
1749 1240
1750 1629
1751 333
1752 1345
1753 634
1754 93
1755 1258
1756 1532
1757 1668
1758 1228
1759 790
1760 536
1761 206
1762 1201
1763 1658
1764 870
1765 57
1766 281
1767 704
1768 913
1769 8
1770 659
1771 1659
1772 667
1773 1202
1774 1053
1775 239
1776 1211
1777 1160
1778 1469
1779 820
1780 773
1781 260
1782 337
1783 418
1784 673
1785 1129
1786 1001
1787 1022
1788 1369
1789 1527
1790 1088
1791 1673
1792 949
1793 1177
1794 463
1795 1130
1796 483
1797 517
1798 1045
1799 1221
1800 1268
1801 508
1802 451
1803 1146
1804 1461
1805 1435
1806 1440
1807 458
1808 1721
1809 1753
1810 686
1811 1515
1812 1557
1813 930
1814 1675
1815 1609
1816 1295
1817 1059
1818 1025
1819 1809
1820 1619
1821 111
1822 1232
1823 1656
1824 293
1825 1314
1826 753
1827 1563
1828 1534
1829 936
1830 23
1831 1018
1832 25
1833 880
1834 1251
1835 321
1836 626
1837 673
1838 396
1839 510
1840 692
1841 860
1842 1150
1843 1121
1844 1416
1845 91
1846 502
1847 223
1848 1018
1849 666
1850 619
1851 1392
1852 1614
1853 1417
1854 1674
1855 135
1856 1120
1857 177
1858 1339
1859 1245
1860 895
1861 658
1862 468
1863 263
1864 628
1865 883
1866 1809
1867 1686
1868 680
1869 1172
1870 472
1871 532
1872 533
1873 521
1874 1035
1875 1275
1876 1653
1877 1324
1878 989
1879 37
1880 436
1881 1741
1882 591
1883 209
1884 1578
1885 323
1886 280
1887 92
1888 1395
1889 1518
1890 600
1891 740
1892 1508
1893 1758
1894 238
1895 1823
1896 507
1897 159
1898 674
1899 561
1900 1810
1901 851
1902 306
1903 128
1904 399
1905 1336
1906 59
1907 669
1908 1764
1909 1298
1910 375
1911 952
1912 1525
1913 1059
1914 934
1915 1867
1916 644
1917 950
1918 1124
1919 1853
1920 658
1921 128
1922 1148
1923 1234
1924 194
1925 557
1926 822
1927 1097
1928 397
1929 1506
1930 1506
1931 779
1932 829
1933 1135
1934 1786
1935 1797
1936 1717
1937 64
1938 1453
1939 1184
1940 1366
1941 688
1942 72
1943 452
1944 89
1945 861
1946 1051
1947 103
1948 154
1949 809
1950 1194
1951 1514
1952 277
1953 752
1954 799
1955 402
1956 195
1957 1211
1958 1868
1959 579
1960 248
1961 741
1962 1560
1963 387
1964 526
1965 1748
1966 1537
1967 1777
1968 1536
1969 1722
1970 1352
1971 96
1972 1915
1973 1501
1974 1503
1975 107
1976 1190
1977 371
1978 878
1979 1417
1980 475
1981 142
1982 382
1983 1667
1984 1827
1985 646
1986 789
1987 1422
1988 1642
1989 248
1990 712
1991 436
1992 456
1993 208
1994 575
1995 1127
1996 420
1997 350
1998 1146
1999 371
2000 1743
2001 1646
2002 632
2003 672
2004 208
2005 1432
2006 1574
2007 604
2008 443
2009 1365
2010 1596
2011 259
2012 1479
2013 1175
2014 1152
2015 770
2016 18
2017 1482
2018 999
2019 1790
2020 321
2021 316
2022 138
2023 1392
2024 2002
2025 1402
2026 1042
2027 1290
2028 1689
2029 437
2030 1126
2031 1808
2032 339
2033 1556
2034 1700
2035 205
2036 1002
2037 706
2038 1520
2039 708
2040 912
2041 1050
2042 113
2043 1262
2044 1220
2045 1841
2046 1239
2047 1307
2048 1232
2049 324
2050 404
2051 1004
2052 1404
2053 1651
2054 410
2055 1254
2056 1645
2057 917
2058 1199
2059 1815
2060 59
2061 420
2062 1211
2063 1074
2064 819
2065 1716
2066 1399
2067 1841
2068 1454
2069 1459
2070 1021
2071 349
2072 1508
2073 604
2074 1811
2075 1379
2076 1973
2077 588
2078 1017
2079 200
2080 315
2081 1340
2082 326
2083 505
2084 941
2085 1524
2086 250
2087 2011
2088 678
2089 1359
2090 471
2091 852
2092 258
2093 1773
2094 193
2095 1866
2096 1066
2097 1477
2098 2085
2099 703
2100 1505
2101 2003
2102 1835
2103 174
2104 1408
2105 265
2106 684
2107 756
2108 237
2109 1208
2110 939
2111 887
2112 1821
2113 185
2114 1645
2115 919
2116 549
2117 184
2118 512
2119 1487
2120 283
2121 1081
2122 1578
2123 822
2124 801
2125 1522
2126 12
2127 1817
2128 1207
2129 928
2130 2058
2131 1333
2132 1550
2133 1325
2134 496
2135 904
2136 1196
2137 2018
2138 1450
2139 478
2140 1309
2141 608
2142 1302
2143 24
2144 906
2145 36
2146 670
2147 1192
2148 306
2149 171
2150 2062
2151 1633
2152 2138
2153 915
2154 254
2155 777
2156 1498
2157 888
2158 1605
2159 1213
2160 1583
2161 1341
2162 1448
2163 1698
2164 687
2165 1775
2166 1093
2167 1629
2168 1849
2169 1238
2170 396
2171 102
2172 686
2173 1161
2174 1573
2175 1303
2176 119
2177 2021
2178 1945
2179 196
2180 2024
2181 529
2182 372
2183 508
2184 813
2185 1037
2186 1540
2187 1208
2188 386
2189 1598
2190 431
2191 1040
2192 2010
2193 468
2194 1659
2195 131
2196 1642
2197 959
2198 187
2199 86
2200 1817
2201 775
2202 344
2203 587
2204 440
2205 1611
2206 1268
2207 1883
2208 1823
2209 676
2210 1044
2211 1786
2212 1156
2213 1533
2214 1296
2215 182
2216 547
2217 1374
2218 1408
2219 216
2220 193
2221 1526
2222 1754
2223 745
2224 103
2225 1389
2226 1860
2227 562
2228 616
2229 818
2230 1873
2231 1406
2232 209
2233 1203
2234 150
2235 331
2236 2143
2237 1130
2238 1935
2239 877
2240 562
2241 1225
2242 1246
2243 1761
2244 1608
2245 1821
2246 2003
2247 1108
2248 1363
2249 1440
2250 271
2251 1529
2252 2235
2253 1774
2254 992
2255 331
2256 533
2257 1488
2258 1980
2259 1298
2260 1656
2261 832
2262 471
2263 1907
2264 774
2265 1556
2266 319
2267 858
2268 1355
2269 1134
2270 1478
2271 912
2272 1539
2273 1147
2274 1403
2275 1325
2276 1219
2277 1523
2278 1086
2279 1189
2280 1248
2281 233
2282 1648
2283 2012
2284 601
2285 39
2286 248
2287 1559
2288 1819
2289 2244
2290 2246
2291 2030
2292 243
2293 164
2294 1138
2295 1262
2296 280
2297 1136
2298 1357
2299 1721
2300 897
2301 975
2302 744
2303 864
2304 1660
2305 2147
2306 760
2307 1123
2308 2022
2309 920
2310 345
2311 2103
2312 571
2313 1082
2314 1790
2315 1903
2316 1116
2317 2141
2318 2259
2319 1310
2320 229
2321 1698
2322 535
2323 2100
2324 1965
2325 1020
2326 2126
2327 1690
2328 1233
2329 1352
2330 1865
2331 1935
2332 185
2333 1032
2334 1346
2335 27
2336 2199
2337 969
2338 71
2339 440
2340 1627
2341 1248
2342 258
2343 577
2344 1431
2345 2074
2346 1928
2347 1947
2348 1319
2349 1492
2350 588
2351 828
2352 735
2353 162
2354 1986
2355 1941
2356 407
2357 726
2358 1788
2359 2309
2360 757
2361 443
2362 1610
2363 1675
2364 2196
2365 1274
2366 1279
2367 2362
2368 618
2369 757
2370 1529
2371 2198
2372 1477
2373 1767
2374 1767
2375 955
2376 27
2377 1139
2378 1165
2379 1931
2380 2245
2381 1688
2382 958
2383 275
2384 1521
2385 2012
2386 510
2387 2128
2388 695
2389 2015
2390 141
2391 659
2392 2041
2393 1691
2394 252
2395 577
2396 2246
2397 525
2398 51
2399 1782
2400 408
2401 719
2402 190
2403 2198
2404 58
2405 1492
2406 1278
2407 1576
2408 1620
2409 1835
2410 179
2411 700
2412 123
2413 1704
2414 1349
2415 1966
2416 1789
2417 1015
2418 2203
2419 75
2420 330
2421 2011
2422 1454
2423 1269
2424 523
2425 134
2426 2036
2427 1630
2428 663
2429 1317
2430 110
2431 1379
2432 2407
2433 1086
2434 1103
2435 1356
2436 1328
2437 1292
2438 315
2439 2405
2440 2229
2441 1155
2442 989
2443 2316
2444 4
2445 133
2446 1440
2447 242
2448 1591
2449 477
2450 203
2451 456
2452 748
2453 1489
2454 794
2455 634
2456 392
2457 117
2458 1459
2459 1531
2460 2021
2461 886
2462 1309
2463 754
2464 1823
2465 2412
2466 896
2467 1337
2468 589
2469 19
2470 1772
2471 852
2472 1118
2473 1715
2474 2044
2475 2165
2476 6
2477 147
2478 972
2479 899
2480 283
2481 868
2482 131
2483 970
2484 182
2485 2343
2486 1728
2487 2061
2488 951
2489 1528
2490 2163
2491 300
2492 335
2493 71
2494 1051
2495 910
2496 1148
2497 1151
2498 445
2499 1460
2500 1366
2501 669
2502 822
2503 2014
2504 511
2505 1299
2506 1996
2507 99
2508 1144
2509 794
2510 1861
2511 1946
2512 1454
2513 1749
2514 96
2515 402
2516 1238
2517 675
2518 1939
2519 1532
2520 1325
2521 695
2522 1616
2523 1453
2524 1045
2525 89
2526 1987
2527 2049
2528 1946
2529 1760
2530 691
2531 805
2532 2168
2533 178
2534 187
2535 23
2536 684
2537 2491
2538 104
2539 2004
2540 819
2541 2054
2542 47
2543 278
2544 2288
2545 984
2546 952
2547 2135
2548 2157
2549 1398
2550 2199
2551 765
2552 411
2553 2545
2554 2389
2555 703
2556 1140
2557 1937
2558 2393
2559 1174
2560 932
2561 1270
2562 525
2563 1517
2564 258
2565 626
2566 2451
2567 1280
2568 1135
2569 1650
2570 1761
2571 870
2572 2322
2573 342
2574 2270
2575 1781
2576 615
2577 1188
2578 262
2579 278
2580 615
2581 980
2582 1135
2583 444
2584 943
2585 1776
2586 1824
2587 1389
2588 918
2589 648
2590 1350
2591 758
2592 810
2593 747
2594 2334
2595 649
2596 2439
2597 448
2598 1123
2599 752
2600 66
2601 1802
2602 2111
2603 2263
2604 531
2605 576
2606 1413
2607 724
2608 2397
2609 1011
2610 1295
2611 27
2612 2576
2613 897
2614 1732
2615 1942
2616 2177
2617 2058
2618 1918
2619 2336
2620 1367
2621 1377
2622 1391
2623 791
2624 945
2625 2597
2626 168
2627 2547
2628 841
2629 201
2630 357
2631 1879
2632 1382
2633 1025
2634 494
2635 1539
2636 1903
2637 1734
2638 1902
2639 104
2640 76
2641 2507
2642 1793
2643 1652
2644 1496
2645 821
2646 1472
2647 847
2648 2383
2649 1096
2650 415
2651 1460
2652 2021
2653 579
2654 1691
2655 450
2656 1301
2657 2381
2658 2221
2659 1355
2660 1361
2661 853
2662 2285
2663 2066
2664 696
2665 2248
2666 2097
2667 2068
2668 631
2669 929
2670 1384
2671 809
2672 1701
2673 1381
2674 2265
2675 1372
2676 1333
2677 379
2678 1393
2679 1031
2680 564
2681 1177
2682 681
2683 161
2684 2471
2685 1673
2686 1532
2687 1644
2688 82
2689 779
2690 1317
2691 1508
2692 1591
2693 1104
2694 567
2695 1216
2696 2332
2697 2118
2698 2220
2699 2035
2700 2000
2701 2028
2702 1091
2703 1989
2704 755
2705 1801
2706 2504
2707 726
2708 1780
2709 1596
2710 192
2711 1178
2712 2116
2713 1447
2714 212
2715 163
2716 1932
2717 2492
2718 1136
2719 2163
2720 1981
2721 2663
2722 2573
2723 82
2724 615
2725 1541
2726 444
2727 2691
2728 1003
2729 1861
2730 862
2731 2293
2732 830
2733 2241
2734 877
2735 363
2736 581
2737 79
2738 1498
2739 708
2740 1119
2741 1736
2742 205
2743 489
2744 124
2745 328
2746 909
2747 1346
2748 1343
2749 1504
2750 1072
2751 2402
2752 716
2753 617
2754 390
2755 2443
2756 2321
2757 2754
2758 1249
2759 2202
2760 745
2761 2619
2762 2513
2763 2224
2764 588
2765 2734
2766 1958
2767 433
2768 1287
2769 2670
2770 1772
2771 2415
2772 1873
2773 947
2774 1121
2775 1120
2776 1142
2777 1590
2778 2476
2779 878
2780 141
2781 2721
2782 791
2783 2751
2784 1468
2785 952
2786 2633
2787 2503
2788 294
2789 1549
2790 620
2791 660
2792 75
2793 129
2794 1948
2795 61
2796 2000
2797 1480
2798 714
2799 525
2800 1590
2801 1808
2802 877
2803 1496
2804 609
2805 1861
2806 1739
2807 2441
2808 97
2809 2119
2810 1387
2811 1631
2812 2243
2813 1622
2814 294
2815 2442
2816 337
2817 2045
2818 2737
2819 1695
2820 8
2821 295
2822 226
2823 749
2824 2408
2825 2567
2826 267
2827 2435
2828 45
2829 2715
2830 702
2831 1389
2832 2699
2833 891
2834 222
2835 2239
2836 1101
2837 13
2838 737
2839 994
2840 305
2841 900
2842 439
2843 2423
2844 708
2845 461
2846 2425
2847 1175
2848 359
2849 801
2850 1161
2851 2483
2852 2364
2853 2644
2854 677
2855 2737
2856 1456
2857 957
2858 2382
2859 2378
2860 874
2861 47
2862 1392
2863 2020
2864 868
2865 2392
2866 1072
2867 387
2868 796
2869 1256
2870 2344
2871 2668
2872 91
2873 20
2874 1808
2875 304
2876 16
2877 1188
2878 2162
2879 845
2880 2172
2881 2505
2882 1022
2883 1256
2884 2796
2885 627
2886 2394
2887 1703
2888 1489
2889 610
2890 2712
2891 1813
2892 1734
2893 780
2894 771
2895 1490
2896 1519
2897 894
2898 1366
2899 511
2900 2208
2901 1190
2902 2600
2903 2480
2904 1783
2905 1425
2906 725
2907 845
2908 1865
2909 1264
2910 848
2911 276
2912 316
2913 352
2914 1460
2915 353
2916 1126
2917 2210
2918 2327
2919 386
2920 2443
2921 2896
2922 2632
2923 1756
2924 421
2925 1889
2926 2215
2927 2460
2928 208
2929 2903
2930 359
2931 1609
2932 2892
2933 1491
2934 1120
2935 681
2936 2812
2937 2641
2938 2933
2939 1095
2940 1806
2941 2057
2942 1650
2943 1104
2944 2878
2945 589
2946 2349
2947 2850
2948 775
2949 2003
2950 1785
2951 1927
2952 2690
2953 933
2954 141
2955 110
2956 2844
2957 807
2958 1057
2959 1585
2960 2439
2961 1097
2962 2741
2963 1053
2964 107
2965 2691
2966 1251
2967 2601
2968 423
2969 1269
2970 175
2971 1911
2972 1305
2973 2770
2974 1790
2975 2204
2976 2776
2977 1015
2978 2600
2979 1056
2980 464
2981 2607
2982 607
2983 1675
2984 1381
2985 738
2986 1754
2987 1120
2988 273
2989 803
2990 1166
2991 2589
2992 1229
2993 254
2994 352
2995 276
2996 279
2997 1593
2998 1241
2999 2746
3000 68
3001 2133
3002 703
3003 2147
3004 2389
3005 2257
3006 2101
3007 1529
3008 477
3009 1095
3010 2536
3011 3004
3012 1094
3013 426
3014 2022
3015 566
3016 584
3017 1151
3018 818
3019 2626
3020 304
3021 1862
3022 1335
3023 1747
3024 2424
3025 412
3026 310
3027 2399
3028 1847
3029 1267
3030 530
3031 2587
3032 1321
3033 1001
3034 1975
3035 963
3036 255
3037 1924
3038 1918
3039 1071
3040 570
3041 2213
3042 140
3043 1284
3044 2490
3045 1476
3046 931
3047 2556
3048 107
3049 291
3050 220
3051 2529
3052 243
3053 1631
3054 2174
3055 1806
3056 2801
3057 2059
3058 2593
3059 1003
3060 90
3061 1931
3062 2766
3063 2103
3064 52
3065 896
3066 2747
3067 1700
3068 347
3069 2180
3070 1884
3071 861
3072 1161
3073 2681
3074 1293
3075 91
3076 3006
3077 340
3078 293
3079 2630
3080 1686
3081 288
3082 418
3083 1432
3084 2798
3085 2557
3086 2666
3087 124
3088 2129
3089 245
3090 634
3091 3088
3092 446
3093 2166
3094 3081
3095 3032
3096 416
3097 1852
3098 932
3099 1175
3100 2048
3101 1057
3102 2518
3103 2918
3104 1802
3105 1482
3106 936
3107 1454
3108 2253
3109 2608
3110 1341
3111 2029
3112 2776
3113 2036
3114 701
3115 127
3116 1799
3117 2439
3118 1603
3119 2570
3120 1701
3121 2177
3122 2283
3123 105
3124 30
3125 1083
3126 122
3127 111
3128 825
3129 787
3130 623
3131 2749
3132 1766
3133 491
3134 1206
3135 520
3136 2834
3137 97
3138 1151
3139 2207
3140 204
3141 466
3142 3025
3143 655
3144 1899
3145 920
3146 2260
3147 2787
3148 1802
3149 218
3150 1120
3151 351
3152 3094
3153 2038
3154 1940
3155 413
3156 2197
3157 364
3158 117
3159 1469
3160 3065
3161 2846
3162 2908
3163 2460
3164 2141
3165 2413
3166 1920
3167 502
3168 2394
3169 2407
3170 677
3171 2623
3172 2442
3173 931
3174 1775
3175 791
3176 197
3177 3028
3178 1457
3179 1549
3180 893
3181 1554
3182 1975
3183 2167
3184 1877
3185 2317
3186 1005
3187 2490
3188 1612
3189 2407
3190 2634
3191 2896
3192 2248
3193 1188
3194 1231
3195 80
3196 2480
3197 1585
3198 992
3199 784
3200 1589
3201 1666
3202 209
3203 1129
3204 1680
3205 1507
3206 3097
3207 2796
3208 683
3209 3016
3210 859
3211 3179
3212 2066
3213 847
3214 281
3215 2277
3216 1694
3217 1102
3218 1811
3219 1107
3220 650
3221 178
3222 2003
3223 2033
3224 1977
3225 3135
3226 636
3227 1347
3228 3137
3229 2869
3230 2974
3231 55
3232 2209
3233 2042
3234 1247
3235 2229
3236 1882
3237 1529
3238 2386
3239 306
3240 1430
3241 1643
3242 639
3243 2565
3244 891
3245 3172
3246 2966
3247 2878
3248 2210
3249 1345
3250 60
3251 1468
3252 2813
3253 1811
3254 836
3255 3209
3256 91
3257 613
3258 1158
3259 3143
3260 1928
3261 2190
3262 2121
3263 2008
3264 236
3265 2137
3266 1466
3267 2903
3268 2697
3269 943
3270 2470
3271 2738
3272 2987
3273 1255
3274 2486
3275 2530
3276 1889
3277 2470
3278 455
3279 3224
3280 108
3281 1053
3282 1781
3283 1170
3284 256
3285 1394
3286 2258
3287 1402
3288 338
3289 280
3290 3285
3291 2382
3292 366
3293 1003
3294 2412
3295 1701
3296 100
3297 2693
3298 3147
3299 808
3300 1984
3301 2747
3302 729
3303 2975
3304 1166
3305 962
3306 2949
3307 47
3308 2797
3309 770
3310 1183
3311 2935
3312 1583
3313 683
3314 2092
3315 1154
3316 1430
3317 2913
3318 758
3319 1051
3320 496
3321 1190
3322 1838
3323 2704
3324 1873
3325 1990
3326 3316
3327 503
3328 2877
3329 360
3330 258
3331 823
3332 1579
3333 1106
3334 2104
3335 755
3336 1480
3337 2685
3338 2141
3339 2349
3340 624
3341 2426
3342 1375
3343 2158
3344 2504
3345 1636
3346 222
3347 3006
3348 792
3349 1266
3350 2115
3351 79
3352 883
3353 960
3354 1848
3355 1455
3356 397
3357 433
3358 1233
3359 3125
3360 1336
3361 2408
3362 3063
3363 121
3364 1826
3365 3004
3366 109
3367 2598
3368 2226
3369 3343
3370 838
3371 68
3372 2368
3373 2782
3374 2233
3375 752
3376 734
3377 2093
3378 3232
3379 972
3380 1253
3381 259
3382 140
3383 386
3384 1177
3385 1685
3386 1779
3387 2201
3388 2756
3389 210
3390 3372
3391 1377
3392 2222
3393 2926
3394 1891
3395 1534
3396 3008
3397 1608
3398 161
3399 3159
3400 1616
3401 810
3402 3051
3403 170
3404 1951
3405 3180
3406 3156
3407 1550
3408 2734
3409 577
3410 1116
3411 2045
3412 85
3413 406
3414 850
3415 1568
3416 158
3417 2479
3418 2700
3419 3365
3420 2468
3421 2887
3422 323
3423 3337
3424 1541
3425 1793
3426 985
3427 2292
3428 930
3429 2624
3430 2071
3431 865
3432 2617
3433 2164
3434 351
3435 1781
3436 69
3437 3306
3438 2893
3439 146
3440 896
3441 951
3442 2898
3443 1829
3444 2692
3445 1128
3446 2444
3447 980
3448 372
3449 524
3450 2838
3451 458
3452 2350
3453 1452
3454 2614
3455 27
3456 2736
3457 2219
3458 663
3459 2747
3460 1143
3461 1322
3462 1832
3463 1249
3464 2925
3465 1207
3466 3222
3467 1098
3468 2796
3469 1990
3470 320
3471 2412
3472 117
3473 134
3474 1174
3475 1874
3476 1830
3477 1080
3478 427
3479 207
3480 1888
3481 341
3482 1695
3483 2063
3484 2686
3485 2039
3486 3299
3487 580
3488 2570
3489 3410
3490 1016
3491 2005
3492 144
3493 3367
3494 3062
3495 724
3496 2617
3497 489
3498 2613
3499 3395
3500 1321
3501 214
3502 2923
3503 234
3504 115
3505 2039
3506 3120
3507 2212
3508 37
3509 236
3510 2990
3511 2300
3512 227
3513 2402
3514 852
3515 4
3516 3110
3517 790
3518 480
3519 684
3520 1545
3521 479
3522 557
3523 2736
3524 667
3525 2739
3526 745
3527 1280
3528 2721
3529 842
3530 936
3531 2190
3532 2349
3533 883
3534 443
3535 2658
3536 680
3537 98
3538 1739
3539 1128
3540 1103
3541 238
3542 331
3543 1711
3544 2911
3545 2283
3546 1220
3547 2621
3548 2081
3549 751
3550 3413
3551 189
3552 1357
3553 2458
3554 306
3555 1784
3556 2437
3557 1298
3558 1186
3559 3221
3560 2380
3561 3452
3562 2665
3563 3067
3564 1986
3565 964
3566 1856
3567 1918
3568 1334
3569 3039
3570 1561
3571 2195
3572 1277
3573 1111
3574 3220
3575 2712
3576 2762
3577 711
3578 1257
3579 2289
3580 871
3581 1100
3582 770
3583 3440
3584 383
3585 1483
3586 1176
3587 2331
3588 1891
3589 1299
3590 598
3591 2810
3592 724
3593 421
3594 765
3595 557
3596 3547
3597 1287
3598 992
3599 1560
3600 1415
3601 2278
3602 1202
3603 1955
3604 2539
3605 2143
3606 2783
3607 1685
3608 1770
3609 2608
3610 1208
3611 2473
3612 1293
3613 2530
3614 2521
3615 3213
3616 1988
3617 2649
3618 1068
3619 837
3620 3468
3621 2820
3622 3126
3623 1290
3624 3533
3625 3015
3626 2363
3627 162
3628 314
3629 3310
3630 1457
3631 3314
3632 1529
3633 2318
3634 783
3635 1086
3636 2877
3637 1366
3638 730
3639 2954
3640 1663
3641 1636
3642 268
3643 2382
3644 842
3645 3308
3646 3506
3647 27
3648 1154
3649 1134
3650 1059
3651 3632
3652 2576
3653 355
3654 1898
3655 231
3656 3613
3657 768
3658 3000
3659 2276
3660 2423
3661 846
3662 1326
3663 2816
3664 1445
3665 2737
3666 1775
3667 1404
3668 3282
3669 2339
3670 699
3671 1575
3672 1367
3673 1124
3674 603
3675 3512
3676 2647
3677 44
3678 1991
3679 2947
3680 1740
3681 688
3682 371
3683 1312
3684 2819
3685 3553
3686 2992
3687 1690
3688 2990
3689 3137
3690 529
3691 2275
3692 3046
3693 1391
3694 3436
3695 57
3696 1915
3697 949
3698 1770
3699 561
3700 1485
3701 1592
3702 3295
3703 3442
3704 2220
3705 2239
3706 454
3707 2347
3708 117
3709 820
3710 876
3711 2435
3712 1453
3713 72
3714 1796
3715 1959
3716 3601
3717 3274
3718 1420
3719 238
3720 2448
3721 2905
3722 364
3723 1566
3724 2498
3725 1925
3726 716
3727 2362
3728 2625
3729 3
3730 982
3731 1494
3732 3233
3733 2687
3734 2808
3735 3523
3736 3417
3737 791
3738 2946
3739 2207
3740 302
3741 2073
3742 1635
3743 2068
3744 1976
3745 1630
3746 255
3747 1410
3748 1210
3749 765
3750 2811
3751 291
3752 3275
3753 1370
3754 1575
3755 360
3756 540
3757 2267
3758 1360
3759 772
3760 646
3761 3746
3762 4
3763 2598
3764 2936
3765 1305
3766 1955
3767 2862
3768 3183
3769 3594
3770 1663
3771 3342
3772 3759
3773 2499
3774 2278
3775 505
3776 743
3777 153
3778 3333
3779 620
3780 2199
3781 875
3782 3029
3783 1944
3784 2885
3785 778
3786 685
3787 948
3788 1801
3789 1699
3790 378
3791 931
3792 153
3793 2780
3794 209
3795 2170
3796 2374
3797 2986
3798 2214
3799 905
3800 706
3801 1242
3802 3092
3803 2866
3804 3062
3805 2854
3806 1070
3807 2251
3808 2778
3809 1827
3810 3742
3811 3049
3812 753
3813 3529
3814 2209
3815 1322
3816 3678
3817 3506
3818 1581
3819 2776
3820 3035
3821 3259
3822 1701
3823 3525
3824 2581
3825 215
3826 3030
3827 3525
3828 2010
3829 905
3830 2159
3831 3680
3832 1633
3833 1069
3834 1935
3835 725
3836 189
3837 2290
3838 2136
3839 186
3840 311
3841 162
3842 2010
3843 262
3844 2898
3845 2417
3846 1339
3847 2121
3848 3612
3849 3314
3850 1719
3851 2814
3852 1274
3853 2832
3854 1182
3855 889
3856 849
3857 2364
3858 2381
3859 3615
3860 1903
3861 1504
3862 3146
3863 3595
3864 1893
3865 2596
3866 429
3867 2897
3868 2500
3869 1866
3870 3397
3871 2956
3872 2515
3873 3455
3874 3259
3875 3230
3876 908
3877 1748
3878 2571
3879 3099
3880 469
3881 82
3882 2573
3883 2065
3884 1915
3885 466
3886 885
3887 148
3888 2780
3889 19
3890 2192
3891 602
3892 1880
3893 3057
3894 2926
3895 2535
3896 2481
3897 830
3898 2520
3899 1058
3900 176
3901 615
3902 1715
3903 656
3904 424
3905 1890
3906 2895
3907 109
3908 963
3909 133
3910 515
3911 2251
3912 2783
3913 2721
3914 644
3915 3762
3916 2677
3917 2840
3918 364
3919 1567
3920 2215
3921 84
3922 2922
3923 280
3924 1803
3925 1889
3926 181
3927 2009
3928 2666
3929 3805
3930 3105
3931 1911
3932 1261
3933 3857
3934 641
3935 3527
3936 2592
3937 691
3938 1166
3939 608
3940 726
3941 42
3942 2883
3943 3882
3944 3678
3945 513
3946 230
3947 225
3948 715
3949 2008
3950 1628
3951 2336
3952 63
3953 39
3954 378
3955 3152
3956 3698
3957 3584
3958 1696
3959 3939
3960 2656
3961 2391
3962 1840
3963 3801
3964 2541
3965 628
3966 120
3967 3260
3968 2856
3969 3289
3970 792
3971 1195
3972 98
3973 3473
3974 2176
3975 2175
3976 2999
3977 1128
3978 66
3979 1455
3980 2553
3981 888
3982 2043
3983 559
3984 146
3985 1571
3986 732
3987 1023
3988 1548
3989 3370
3990 576
3991 2422
3992 2029
3993 269
3994 184
3995 2909
3996 1368
3997 768
3998 3986
3999 3551
4000 2600
4001 2653
4002 3878
4003 715
4004 3309
4005 647
4006 3995
4007 1617
4008 441
4009 367
4010 389
4011 3103
4012 1277
4013 185
4014 3474
4015 3436
4016 2791
4017 1921
4018 87
4019 1634
4020 501
4021 394
4022 231
4023 2485
4024 694
4025 1007
4026 3578
4027 1919
4028 7
4029 2400
4030 215
4031 488
4032 459
4033 3847
4034 2810
4035 2983
4036 3743
4037 3964
4038 1838
4039 50
4040 1005
4041 3894
4042 1857
4043 3207
4044 1277
4045 3999
4046 2818
4047 222
4048 1659
4049 2937
4050 2846
4051 2491
4052 2076
4053 2065
4054 915
4055 316
4056 503
4057 485
4058 453
4059 547
4060 2353
4061 3001
4062 328
4063 3091
4064 3497
4065 2303
4066 1935
4067 1549
4068 1912
4069 3860
4070 1411
4071 3094
4072 2421
4073 1108
4074 2114
4075 80
4076 1806
4077 3597
4078 896
4079 3022
4080 1299
4081 499
4082 70
4083 310
4084 136
4085 2012
4086 3563
4087 646
4088 3369
4089 2638
4090 1931
4091 368
4092 578
4093 1251
4094 2088
4095 3810
4096 1149
4097 749
4098 704
4099 1562
4100 1563
4101 3978
4102 3834
4103 1296
4104 3888
4105 3587
4106 231
4107 1319
4108 372
4109 3345
4110 3789
4111 2707
4112 3413
4113 2679
4114 2324
4115 2734
4116 2440
4117 1736
4118 2499
4119 761
4120 1138
4121 1196
4122 2652
4123 3469
4124 757
4125 4098
4126 3717
4127 3093
4128 3012
4129 1753
4130 2319
4131 335
4132 2430
4133 895
4134 4107
4135 3087
4136 1272
4137 3081
4138 3719
4139 3902
4140 2940
4141 1185
4142 1936
4143 2294
4144 1555
4145 2588
4146 1547
4147 1374
