1000
1 5324 454
2
2
3 18370 97551
2
3 47359 56842
2
3 17328 27997
2
3 6849 88060
1 32720 1770
2
3 30356 41192
1 4573 225
2
1 25325 64234
2
2
3 1733 51374
3 19328 74574
1 17263 1976
3 15936 35409
2
1 57153 522
3 12254 58553
2
1 14091 506
1 2848 221
1 59261 178
2
3 1007 32166
1 217 73599
1 47863 99020
1 8625 33340
3 46607 55264
3 51659 77645
3 66560 78651
2
1 6055 202
1 1678 225
2
1 10130 79765
1 9811 13520
2
2
1 32167 110
3 40512 65303
3 25465 83392
1 11048 320
2
3 12733 73660
3 36682 89806
1 9425 519
3 8935 71492
2
2
2
2
1 1428 42655
1 6783 366
1 23611 46768
1 2206 29271
1 51907 519
1 13876 17514
3 57945 78203
3 70022 88289
3 29316 35056
2
2
3 72391 87131
1 61980 508
2
2
2
3 25641 74184
3 15626 92082
3 59 64175
1 333 23590
3 10514 55849
3 36049 87826
3 3994 76795
2
1 37259 128
3 28542 80044
2
1 34606 56710
2
3 61257 66239
2
2
1 34341 68527
3 54204 77354
3 69914 92795
1 2506 23
2
2
3 68825 89840
2
3 12775 54742
1 23937 480
1 1509 80640
2
3 37211 57492
2
2
1 9600 23236
3 42534 83432
2
1 29321 112
3 35167 83394
3 7147 53026
3 24433 27373
2
2
3 14165 72512
2
1 8998 48
1 20344 585
1 13573 470
2
3 74470 99657
2
3 78418 78862
2
2
1 517 46740
2
1 59089 13958
1 19767 20558
1 64659 100
2
3 3213 80174
1 5306 352
2
2
1 80322 148
1 16611 56
1 25502 68
2
2
3 14290 92933
2
2
3 63297 87986
3 840 22209
3 32222 61810
2
2
2
3 61228 78734
1 2776 31079
2
3 62659 87869
3 45977 53955
1 32948 138
3 15894 93125
2
1 33446 304
3 69335 70738
3 34430 94654
1 3231 136
2
3 62465 94738
3 37440 70201
3 29085 94238
1 28426 22209
2
2
1 51404 534
3 29542 56311
1 7766 86604
1 61243 251
2
1 34109 36912
1 55731 35352
1 48652 67536
3 990 75483
1 40688 57300
3 65268 81344
1 15451 84
1 9553 493
2
3 8692 92035
2
1 49980 134
1 43065 509
3 55372 78443
3 63010 81176
3 88765 89269
3 46988 88373
1 10169 21452
2
1 13745 32411
3 3090 46532
3 49667 61108
2
2
1 28447 464
3 10474 98811
2
2
2
3 27993 60816
3 7196 38156
2
3 76981 96914
3 31763 47289
2
2
1 4289 2
2
2
2
3 75292 93791
2
2
3 73255 83322
1 48005 388
1 375 33
1 61910 247
1 13434 82
3 46064 99553
1 20141 35318
3 59804 69312
1 28721 527
3 22325 45572
1 25978 46323
2
2
2
1 42336 131
2
3 48361 93658
3 1721 55186
1 33486 357
1 27895 404
1 32282 951
1 1668 593
1 26236 467
1 3880 10056
1 28739 66342
2
3 23492 35411
1 42428 46574
3 12637 35642
2
2
1 30918 81463
2
3 23892 28130
1 32163 140
3 22413 91543
3 42950 82564
1 5181 138
3 17799 45681
1 4194 184
1 54785 99846
1 31788 65
3 44425 47263
2
3 46178 51470
3 34430 95352
2
3 21143 69537
1 33199 8315
2
1 449 246
1 46708 563
2
2
2
3 34917 51264
1 10893 65593
2
1 73774 97615
3 20637 31891
1 4661 599
3 31704 77429
3 64890 86098
1 15443 16153
1 879 521
1 8698 323
3 57383 59231
3 2763 6812
3 5225 15707
1 43102 3448
3 33980 87287
2
1 10272 573
3 41548 81422
3 779 9654
3 88393 98036
3 7507 21200
3 13873 74030
1 5707 272
3 17379 20925
1 17309 79714
1 25474 831
2
2
1 27637 64193
3 20403 22014
3 6847 58025
1 35336 44123
3 19626 69645
3 18288 95682
3 6338 54722
2
2
2
1 31528 73113
1 30826 50195
2
1 58271 96992
3 39896 46672
2
2
3 51283 88249
3 17830 78379
1 35827 50
3 29443 42281
1 499 11074
1 59487 239
3 44159 45985
3 59770 69218
2
1 27234 398
1 11449 73411
2
2
2
1 1385 62
1 20528 449
3 51776 68575
2
2
2
1 25693 5645
1 10654 1494
2
1 33950 71357
1 2483 96041
1 14528 527
1 17236 86710
1 42029 520
2
2
1 23941 278
1 55926 50248
1 13879 959
2
1 31060 11044
3 3633 19193
3 57876 93022
1 14445 47703
1 7060 80
1 339 30273
2
2
1 4855 446
2
3 56614 61379
3 25554 38658
3 23673 52959
1 81813 152
2
2
2
2
2
3 57988 80601
3 56202 63982
1 8331 86
1 36897 24961
3 88826 99641
1 2176 41784
3 13881 92795
2
3 28711 52089
2
3 8290 64457
1 3438 528
3 37946 65250
2
1 1719 109
2
3 1732 31553
3 15612 24347
2
1 7165 18448
2
1 19136 378
2
1 64442 447
1 15237 1744
3 7085 76905
3 25532 99647
1 46856 420
3 56097 92951
1 5615 18754
1 1189 455
1 35157 253
2
1 6070 99347
3 13654 38209
3 37602 48746
2
3 4842 71409
3 87602 88625
3 39408 90614
1 11788 18
3 35037 75447
3 50735 72217
1 13037 66080
2
1 28899 434
2
2
1 37958 565
3 26117 51428
2
3 42494 70422
2
2
2
3 18196 54106
1 68761 495
2
3 4973 31524
2
1 11280 297
2
2
1 54346 432
3 83011 91250
2
1 91 32614
2
1 14072 95679
3 18139 96794
3 87682 95677
2
1 9886 99733
3 19230 90013
1 11272 142
1 26888 93
3 36832 71790
1 9163 16267
2
1 16768 76381
1 29516 366
2
1 3515 484
3 13662 23483
3 6647 48027
1 19840 18966
1 1894 163
2
2
3 7427 47998
3 10948 50747
2
2
3 68370 78770
2
3 49744 95796
3 23668 57872
3 1329 44788
1 1 555
1 5701 370
3 4570 59235
1 32856 139
3 55584 57774
2
2
1 21828 440
3 2274 83215
3 22879 27071
2
2
2
2
2
1 45874 104
1 5899 46964
1 9963 42756
2
2
1 6226 25457
1 1606 50724
3 12391 23474
2
2
3 4672 45560
2
1 47064 519
2
3 34966 87351
1 43669 73131
1 61230 288
1 60757 109
2
2
2
2
3 33498 83573
1 2778 385
1 23517 56116
2
2
2
1 9549 449
1 42009 83
1 24403 14719
1 5425 447
1 77646 56059
1 60595 524
2
3 127 33467
3 86875 95105
1 838 9506
2
2
3 12621 75944
1 65708 27004
2
3 17747 49851
2
3 8389 52180
2
2
1 24120 32
1 39634 584
1 4736 384
2
3 5655 23923
2
3 83561 84978
1 9522 64825
2
3 35705 92646
3 5735 33378
3 63870 64172
1 2863 284
1 48177 21892
3 27169 68680
1 44140 79928
1 1829 79290
1 42960 128
2
2
2
1 8882 326
2
2
2
1 41530 33959
3 9359 23374
2
1 67941 597
1 54056 30
3 8257 16890
1 23716 66910
1 10444 65150
3 43241 80491
1 10937 522
2
1 3209 251
2
1 1789 12882
3 2384 4400
2
1 9944 7579
2
3 6598 40509
1 16113 476
3 10918 33155
1 7199 263
1 27170 36808
1 23988 80
3 39870 74950
1 38571 289
1 39990 89301
2
3 66971 77535
3 50431 96645
2
2
1 16375 449
2
2
1 45097 75751
1 9067 226
3 59250 82711
3 69341 74766
3 52663 68653
2
2
3 23378 50459
2
1 7785 528
3 23812 53803
1 23569 6928
1 14615 526
1 1705 28557
1 18684 234
1 20185 6848
3 45190 95246
1 15078 82046
2
1 1420 1323
2
3 32398 48810
2
3 14384 99858
1 22561 581
1 4020 58956
3 50131 93759
1 8227 29916
3 2392 10452
1 20790 41842
2
3 16716 67810
3 74768 86685
1 85999 51
2
1 10909 206
3 46645 83602
3 71441 90054
1 25893 4508
1 28795 320
1 68153 58758
3 37122 46598
1 22668 517
1 51687 189
2
1 35166 73479
2
1 1986 24945
2
3 74100 80027
1 37062 431
3 37253 77800
1 30536 47594
1 21470 20354
2
2
3 35161 80669
1 13462 31539
3 44290 84007
2
3 37611 83870
3 85204 89743
1 80781 222
3 86595 89260
2
3 7204 31419
1 32637 97514
2
3 10603 87046
3 345 30937
3 14480 61498
2
1 29472 195
1 20206 74753
3 31390 70295
2
1 48097 87686
1 4695 15390
2
1 31298 353
1 88539 153
3 13072 96128
1 57562 59
3 15908 83957
2
2
1 41145 78758
3 15324 85891
1 27269 403
3 20577 87635
3 93316 98604
2
2
3 20354 58140
1 37180 96886
2
1 13868 236
1 21683 15
1 37238 587
1 45771 10257
3 46467 79706
3 32472 75117
2
3 8705 78960
1 51370 328
1 13026 96364
3 15659 77899
2
1 38908 29784
2
2
2
1 44253 30899
1 24452 276
3 84413 92973
3 60480 91938
3 27924 68162
1 87871 89936
3 28355 35588
3 50838 73148
3 33412 47198
2
2
2
2
3 8516 30569
2
2
2
3 9255 51636
2
1 4419 99
1 186 264
1 32090 518
1 5296 358
1 30288 309
3 35765 65750
2
3 34562 44045
3 14475 71167
2
1 9130 587
1 13308 78625
2
2
1 50672 261
1 73042 290
3 9690 50329
2
1 55318 199
1 46952 27
1 12465 169
2
1 85001 112
3 29849 54701
3 4977 77337
3 31018 44018
2
3 54284 91510
2
3 35528 64332
1 14663 83
1 14205 318
2
2
3 2403 45660
2
1 9328 227
3 20338 76178
1 3588 65
2
2
2
2
2
3 41913 85650
2
1 4680 47
1 1555 51793
2
2
1 12758 91284
3 9474 52225
3 29595 78981
1 10928 95833
2
1 4983 43681
3 60250 72719
3 33711 56532
2
1 29268 80854
1 21758 545
3 38627 86732
2
2
1 47537 571
1 35983 479
3 3169 57304
1 46019 59700
3 7171 97417
3 64316 80155
2
2
2
3 1601 40917
1 46305 12
3 18092 97553
3 39312 55270
2
2
2
2
1 4759 49193
1 5318 48043
1 42284 294
2
3 17673 66399
1 46117 11
2
3 3679 72719
1 7078 72716
3 66195 87042
2
2
1 10268 174
1 19232 64935
3 63898 72436
1 6355 36613
3 9231 78266
2
2
1 88809 47
3 44329 71818
2
2
1 13347 292
2
2
2
3 19996 87511
1 26518 62
1 4345 40
1 27914 27631
2
1 1100 51906
1 13893 88904
1 1138 75237
1 23319 3003
1 24213 9887
3 46573 56450
1 5603 87494
3 93840 96539
3 95472 99479
3 9554 93526
3 27044 96222
2
2
1 21786 44325
3 10959 55023
2
1 14597 70853
1 76875 99952
1 11352 18456
3 5608 60930
3 14275 76131
3 34640 88355
3 59056 60515
3 7743 41245
1 24025 7695
1 2079 67098
1 42589 74760
2
2
1 63366 545
1 60108 44361
2
1 24842 11159
3 32080 38595
3 219 50539
2
2
2
3 22754 94555
2
1 48538 78613
2
3 52012 71538
1 2319 9333
2
3 54631 76070
1 1531 578
2
3 63828 64359
2
1 46158 27
2
3 845 48532
1 8689 372
2
1 10486 488
2
1 48552 25588
2
2
3 27310 67646
2
1 544 529
1 34684 93487
2
3 64086 67274
3 14979 90403
3 45606 77155
1 10406 381
2
2
2
1 15443 96
1 2279 180
1 5895 224
3 30533 93250
3 40916 77050
1 13508 3848
2
1 31959 61540
2
2
3 77970 92559
1 38248 193
2
3 1420 9786
3 58166 58954
2
2
3 44609 54019
1 4195 81617
3 13305 67100
1 3806 131
3 10253 60934
1 3639 6688
1 4340 400
1 21563 52838
2
1 3809 585
3 20865 33956
2
3 10958 40567
3 36951 65238
3 24888 34590
2
2
2
3 25644 44126
1 62559 95
2
3 1919 28744
2
3 11650 97134
3 46239 92876
3 53328 55265
3 18374 33971
1 20970 401
3 40668 73011
2
2
2
1 6582 98046
3 43021 78562
1 43355 26
3 20867 81151
3 37162 54936
2
2
1 4993 71886
3 46244 90755
3 6679 42910
2
3 1567 89285
3 38786 70435
2
3 25371 36469
1 6820 389
2
2
3 50117 80900
1 42034 133
3 30751 91667
3 20035 54624
1 54765 90470
1 74105 497
1 7949 45
2
3 21938 62794
1 29271 313
2
1 76147 59678
2
1 25782 420
2
3 16822 58599
1 16404 37912
3 43642 74876
3 22788 28767
3 30817 89480
3 60029 82383
1 77057 137
3 12079 98779
1 799 53223
3 10882 52314
2
