1000
1 3989 1
2
2
3 20502 57959
3 17927 29279
3 17767 63766
3 8462 43816
3 63119 73101
3 27253 56840
3 22419 75348
1 64180 1
2
2
2
2
1 87983 1
3 19220 85264
1 30116 1
2
1 2420 1
1 8620 1
1 75949 1
2
2
2
2
1 3971 1
3 2987 65173
3 78391 86390
3 5741 85720
3 45801 49682
1 11020 1
2
1 545 1
3 70099 98553
3 35821 81042
3 17692 57080
1 10274 1
3 23658 89962
1 3182 1
3 4545 81220
3 47441 72498
1 31769 1
3 43387 54144
2
3 39795 53174
3 35862 53855
2
3 1295 61042
2
3 7025 24656
3 23843 26458
3 5817 70575
1 19425 1
3 39813 44271
2
3 14477 75186
3 15771 52579
2
1 25892 1
1 96172 1
2
3 58683 67032
3 40005 69698
3 1535 99349
2
2
3 10881 67275
1 3292 1
1 21265 1
1 8472 1
2
2
1 3631 1
3 46003 49756
3 26727 75617
3 26797 77152
1 59556 1
1 46156 1
2
3 44882 56608
2
1 24258 1
1 15525 1
1 3567 1
2
2
3 13748 34605
3 7251 71327
1 18307 1
1 23731 1
1 34851 1
1 6418 1
1 6168 1
3 28776 66655
1 3860 1
2
2
1 81407 1
1 25758 1
2
1 22609 1
1 35335 1
3 5698 99662
3 2892 73598
1 76554 1
2
2
1 41587 1
1 29808 1
2
3 44635 89375
3 10949 89490
1 81372 1
1 17462 1
2
1 15433 1
2
2
3 57467 99089
1 11184 1
2
2
1 18853 1
2
3 6812 71471
2
1 36478 1
2
1 7753 1
3 10006 37084
3 22522 35285
1 81536 1
3 2411 8775
1 3262 1
2
2
1 12147 1
1 14239 1
1 23464 1
3 40805 52517
3 64239 98238
2
2
2
3 2914 84531
3 42446 82461
3 41257 91326
1 25718 1
1 56339 1
1 3407 1
3 13571 76501
3 3241 34256
3 47538 86096
1 15764 1
3 8498 66757
3 509 64149
1 45692 1
3 12468 92291
2
1 15789 1
2
3 52802 89089
3 14504 75105
3 21540 31694
3 37709 60433
1 22633 1
2
1 2903 1
2
3 31156 81326
1 53108 1
3 20604 49357
2
2
2
1 10297 1
3 48181 59095
3 37574 56070
3 20791 21419
3 41841 52574
1 21999 1
1 5009 1
3 11791 37260
3 61147 99791
2
1 9795 1
1 10861 1
1 28985 1
1 36118 1
1 1131 1
1 84060 1
2
2
3 28668 31235
2
2
1 35573 1
3 57407 77352
2
3 49084 84348
2
1 19843 1
3 32859 89070
3 61677 64860
2
2
3 30341 89301
2
2
3 10164 91356
3 13110 41702
1 43465 1
3 68440 98246
1 26210 1
3 39175 83751
3 45006 64302
3 32457 45429
2
2
3 15944 66706
3 28034 66089
2
1 47671 1
3 37674 47763
1 18425 1
1 872 1
2
3 38255 54955
2
1 2581 1
1 36977 1
1 4559 1
1 52443 1
3 20166 95524
2
2
2
3 60 36722
1 31362 1
2
3 9666 97869
2
3 4283 12750
1 370 1
2
1 8016 1
1 1654 1
2
2
1 17453 1
1 21564 1
3 7511 83013
3 35177 92789
1 3758 1
1 7223 1
3 18989 73624
3 51922 63755
2
3 914 23474
1 43791 1
2
1 39232 1
2
1 45251 1
2
2
3 11390 68489
2
3 6647 69344
3 7561 9170
3 29341 60597
2
2
3 33545 49855
1 16221 1
3 34425 84178
3 19265 34462
3 24807 30691
1 62406 1
2
3 28588 75303
3 36024 85720
1 41709 1
1 31419 1
1 24917 1
3 25534 86844
1 12286 1
1 2317 1
3 31062 35695
1 32757 1
3 66095 89942
1 16143 1
1 36958 1
2
2
2
1 6606 1
2
2
1 10699 1
1 44380 1
2
2
2
3 31113 82518
2
1 52432 1
3 49355 70390
3 41997 81076
2
3 92352 97043
1 55972 1
2
2
1 2328 1
2
1 34629 1
2
1 34189 1
2
1 1840 1
3 77953 92127
1 8663 1
3 8131 89293
3 21526 44477
2
2
1 56383 1
3 4154 67294
2
2
2
3 33548 71216
2
3 13949 48949
1 56091 1
2
2
1 7438 1
3 72970 91085
3 28174 75326
3 2256 69460
2
2
2
1 8949 1
3 22681 44262
1 4110 1
3 91068 94965
3 50781 84292
3 60341 82009
1 1487 1
1 5267 1
1 10467 1
3 58438 60039
1 41001 1
2
3 43499 77610
2
1 15663 1
1 29001 1
2
2
2
1 95989 1
1 3865 1
2
2
2
2
3 96793 97941
2
2
3 26528 94447
2
3 41193 68220
2
1 29382 1
1 15531 1
1 13570 1
2
2
2
2
1 4718 1
1 1038 1
2
3 32416 84450
2
3 45862 58881
3 55596 84317
1 15957 1
1 58560 1
3 1959 57881
3 11057 24459
2
1 43384 1
2
2
1 1243 1
3 56275 73951
2
2
2
1 20453 1
3 36709 68584
3 27517 64808
1 64723 1
2
1 67925 1
3 52851 95390
1 14156 1
1 3839 1
1 44028 1
1 69366 1
1 85850 1
1 6477 1
1 71741 1
2
3 2584 28692
3 14325 60552
2
2
2
2
3 7919 31562
1 24298 1
1 15211 1
2
3 32259 57957
1 1672 1
2
1 20625 1
1 1480 1
2
2
1 28265 1
1 51522 1
1 14351 1
2
1 50994 1
2
3 55649 61948
3 17923 67196
2
1 40754 1
1 18702 1
3 68296 83115
1 19191 1
3 35896 79072
3 59286 83064
2
2
1 5006 1
1 55151 1
2
2
2
2
2
2
2
1 15694 1
1 42598 1
2
2
3 47847 70900
1 9636 1
3 59752 87627
3 54679 75285
1 4899 1
3 70753 90961
1 71106 1
2
3 32789 82291
1 1413 1
2
3 27392 64802
3 15018 25036
1 65021 1
2
3 11494 82036
3 17930 76376
2
1 19543 1
3 5124 99098
2
3 49321 86284
2
2
1 20386 1
2
1 25595 1
2
3 68518 94901
3 38950 79893
1 62863 1
3 13249 76124
3 20504 66177
1 31719 1
1 25904 1
1 835 1
1 2493 1
3 11487 85807
3 304 46082
2
2
3 10078 23113
2
2
1 38587 1
2
3 61128 71036
3 10581 98874
2
2
1 62779 1
3 35736 68140
3 68637 92524
2
2
1 9713 1
3 6003 91820
1 843 1
1 24306 1
1 3285 1
3 9464 85034
3 97829 99324
3 33564 83816
3 18552 92691
1 2589 1
3 71755 84701
2
3 54121 60604
3 47290 93635
1 16889 1
3 36073 75331
2
1 33260 1
1 12590 1
3 1399 45632
1 5467 1
2
3 10040 54524
3 25113 47168
1 915 1
1 4352 1
1 18678 1
3 30293 61450
2
3 23433 88830
1 2823 1
3 34213 38358
2
1 6054 1
1 25624 1
2
1 35313 1
1 55340 1
1 5697 1
2
3 24339 31824
3 81933 97759
1 39365 1
3 25976 41560
1 23198 1
2
2
3 57522 89047
3 52526 82237
1 50855 1
3 85316 99018
3 94595 95545
3 36922 53456
1 61708 1
3 57705 98540
3 33386 44947
2
3 33987 94180
1 8862 1
1 328 1
2
1 23212 1
1 36108 1
1 25231 1
1 8684 1
3 19420 34179
2
1 3389 1
3 72686 98634
3 3727 15983
3 55820 62797
3 58772 75812
3 40813 74380
3 10888 67354
1 45758 1
2
1 24035 1
2
1 4331 1
2
1 53807 1
3 19322 39093
1 43126 1
1 15273 1
1 16577 1
1 61945 1
2
1 15346 1
2
3 33202 37449
1 3381 1
1 1878 1
1 22755 1
3 54098 69658
1 22893 1
2
2
1 26863 1
3 32537 52179
2
2
1 43116 1
2
1 78055 1
1 64165 1
1 11684 1
1 19113 1
2
3 61365 63444
1 60943 1
1 8074 1
1 10227 1
3 56089 70132
2
3 28397 92484
1 16762 1
1 41556 1
1 61928 1
1 31436 1
2
3 408 97584
3 55090 80373
2
2
3 38507 78275
3 29300 58912
3 23294 66050
2
1 37384 1
2
2
3 54202 69203
2
2
3 57404 70958
1 7760 1
3 22026 68602
2
1 41179 1
2
3 38107 76131
1 7695 1
3 8956 53909
3 15893 23402
2
1 19316 1
2
2
2
1 54946 1
3 93680 94548
1 9537 1
2
2
1 32153 1
1 4423 1
3 17375 41106
3 24423 97800
2
3 9725 79921
1 3363 1
2
3 500 83107
3 42302 78157
1 62383 1
1 13594 1
3 54040 96355
1 48186 1
2
2
1 32222 1
1 66375 1
2
2
1 28590 1
1 6758 1
2
1 5553 1
1 5502 1
1 2883 1
2
1 11872 1
2
2
3 26387 46512
1 11620 1
1 3672 1
2
2
1 57981 1
3 71959 94301
1 29302 1
3 55466 68412
3 15141 82581
2
1 88391 1
3 59889 72152
1 12997 1
3 34471 93807
2
1 8656 1
1 4005 1
1 33726 1
2
2
3 19499 44841
2
3 15763 70775
2
2
2
2
1 15569 1
1 13390 1
1 74180 1
3 23490 43538
3 49644 75773
2
2
2
1 15402 1
3 52178 68489
3 80087 88130
2
1 42442 1
2
2
1 37435 1
1 651 1
2
3 5196 76038
1 53874 1
1 33651 1
3 10411 25520
1 12724 1
2
1 33192 1
2
2
2
2
3 39589 63337
3 62173 65739
3 7556 79399
3 45728 45966
1 55576 1
2
2
1 12116 1
1 91793 1
3 16074 35850
2
3 59757 94458
3 63314 96578
1 27824 1
3 42342 88744
2
2
1 2985 1
3 24156 99089
2
1 29193 1
1 3027 1
1 17117 1
3 41930 67808
1 9150 1
1 16938 1
2
1 90895 1
3 45512 67517
2
1 13260 1
2
3 45598 56533
3 13405 84567
1 80123 1
2
2
3 28041 60054
2
1 9465 1
2
1 68533 1
1 71642 1
3 94695 95547
1 3749 1
3 152 87252
2
2
1 17818 1
3 42043 84967
2
3 38090 82980
3 5444 83752
1 53313 1
2
1 14854 1
1 27498 1
2
3 8131 45212
2
2
3 60315 90530
3 2358 91848
1 28536 1
2
1 80990 1
1 53897 1
2
2
2
1 22878 1
2
2
3 16014 44254
2
2
1 4353 1
3 4867 60105
2
3 60640 86809
2
3 21239 90685
2
3 52750 96678
1 16934 1
2
3 22597 53905
3 28935 66848
2
1 2455 1
3 11113 60904
2
3 25081 87922
3 10196 45204
3 20742 35869
2
3 40704 84220
3 9010 12264
3 86266 87448
2
2
3 15322 49078
3 63896 97022
1 2663 1
1 78392 1
3 25377 67974
2
1 283 1
1 36604 1
2
2
3 6536 99765
2
1 3454 1
1 3426 1
3 8813 25720
3 32191 89587
2
3 8842 69108
3 25247 41424
2
3 15298 72168
1 32136 1
1 43556 1
2
2
2
3 31178 90955
1 21275 1
3 20071 94772
3 42678 99535
2
1 90088 1
2
1 93414 1
2
1 10211 1
3 5745 98038
1 29701 1
3 51774 55062
3 37515 39774
2
3 9544 86989
2
1 910 1
3 33289 39247
3 81000 93113
3 44188 62729
1 3228 1
1 24512 1
3 59389 62750
3 8681 91215
3 55379 63767
3 6361 24307
3 66161 80361
3 94210 94266
1 7235 1
1 22062 1
1 58408 1
3 29289 41997
1 43625 1
2
1 4104 1
1 31675 1
1 32260 1
3 477 49617
1 47784 1
1 16025 1
2
1 45549 1
1 38819 1
3 29681 73882
1 32785 1
2
3 10524 87036
2
2
1 79051 1
1 65079 1
2
3 17563 21748
2
2
2
2
1 42852 1
3 1884 87835
3 21364 35870
3 44800 62745
1 45097 1
1 31846 1
2
2
3 4426 19665
3 18198 54619
3 15798 74549
1 24095 1
1 7641 1
2
3 44238 66853
3 51682 52686
1 86714 1
3 16394 34294
3 17638 90677
3 7572 62459
2
3 15145 19926
2
3 31893 57890
3 48286 92184
3 81297 89048
2
2
1 21185 1
2
2
1 8832 1
2
2
2
2
2
1 7780 1
2
1 1083 1
2
1 5116 1
1 34383 1
3 14415 77921
2
3 2049 82836
3 72402 90554
1 383 1
2
1 66796 1
2
2
