1000
1 7546 1
1 45854 1
3 27168 42925
1 48066 1
1 55317 1
3 23033 71195
1 29626 1
3 29203 76103
1 41738 1
2
3 15200 52542
1 31169 1
3 24280 59797
1 66444 1
1 56211 1
3 79903 94803
2
2
2
3 2937 28615
1 25168 1
1 38369 1
2
3 10685 17200
2
2
2
3 20505 78801
2
2
1 39556 1
2
2
3 55647 86594
3 8153 49289
1 33688 1
2
1 11119 1
3 25178 32141
2
3 46097 51678
3 1772 68523
1 8126 1
3 13433 45940
3 59203 91936
2
1 60239 1
1 4133 1
2
2
3 50668 61153
2
2
1 89956 1
1 40790 1
1 49767 1
2
2
2
1 40385 1
2
3 7330 63818
3 24229 64381
3 16859 97411
1 2797 1
3 26982 31413
1 39768 1
1 50703 1
3 4242 16691
1 25175 1
3 18698 46202
1 72883 1
1 65013 1
1 9170 1
2
3 20761 54857
1 38281 1
1 51069 1
2
2
2
1 85461 1
3 47705 75371
1 12606 1
1 9123 1
3 12201 34949
2
1 43446 1
1 97 1
1 46225 1
2
3 1600 85131
2
2
3 27496 50808
1 2425 1
1 86804 1
3 68117 81442
2
2
1 37819 1
1 161 1
2
2
1 21206 1
3 13477 64710
2
3 18928 71010
2
2
3 44173 81825
3 35129 95302
1 6961 1
3 33948 47659
3 7170 28391
1 2576 1
1 45864 1
1 10703 1
2
3 437 7262
2
1 31753 1
1 79348 1
1 4152 1
1 15372 1
1 24350 1
3 50370 59188
1 2570 1
1 29663 1
2
3 19572 56675
1 43209 1
3 12530 77413
3 11071 46980
2
2
1 48458 1
3 18465 80704
1 11278 1
3 74957 80909
1 51375 1
2
3 37551 43561
2
3 37490 78781
3 905 40875
3 74595 92447
2
3 10911 90074
2
2
1 12368 1
3 34212 88531
3 2933 82705
2
3 34555 67728
2
3 6656 11622
2
2
2
2
3 24127 81358
3 6831 92873
3 16257 58180
1 62718 1
1 30968 1
3 36333 59326
2
2
3 94665 98692
2
1 3499 1
3 8532 72251
2
3 4859 67556
2
1 14759 1
3 8778 11108
1 82 1
3 73290 79889
2
3 14182 56986
3 25199 72029
2
2
3 41469 61696
2
3 18577 38628
2
3 34882 41090
3 22899 85942
3 23890 76627
2
2
2
1 4845 1
3 73324 76912
2
2
3 5767 63397
1 13332 1
1 334 1
3 53787 65470
1 24961 1
2
3 12661 32282
3 25749 85454
1 52962 1
3 7368 42964
3 3204 24307
2
2
2
2
2
2
1 20491 1
1 66 1
1 17061 1
1 17072 1
1 13463 1
3 27033 36586
3 30501 72611
3 13970 43958
1 4474 1
2
1 7699 1
1 11713 1
1 9175 1
1 14044 1
1 42610 1
1 31432 1
2
3 60329 87869
2
1 19665 1
3 76086 76282
1 14336 1
1 1452 1
3 42343 73675
3 40371 83630
2
2
2
2
2
2
1 4815 1
1 3308 1
1 9554 1
2
3 43699 47084
3 36142 73352
1 3132 1
1 7379 1
2
2
1 24195 1
2
2
1 45672 1
2
3 56667 82615
3 31046 50937
3 44230 48749
1 11557 1
3 59956 69371
3 85859 86268
2
2
2
2
1 9670 1
3 24330 46766
2
1 11147 1
1 12872 1
3 19977 43373
1 542 1
3 6650 49873
2
1 9357 1
3 34481 70134
2
1 2197 1
3 72877 90602
1 45965 1
2
1 1840 1
1 59115 1
1 31075 1
1 18406 1
1 3091 1
3 25929 50993
3 49291 81336
2
1 8344 1
1 903 1
1 10324 1
1 6933 1
1 60534 1
2
1 50357 1
1 29348 1
1 36931 1
3 19099 27562
1 9279 1
3 32756 53016
3 33525 91980
1 8457 1
2
1 21466 1
1 7 1
1 27050 1
3 15265 56224
3 41552 46097
3 16356 95791
3 21367 71077
1 625 1
3 36015 88551
2
1 45900 1
3 20542 90511
1 23217 1
2
2
3 38070 68040
1 1467 1
3 48036 82264
1 71365 1
1 20237 1
2
2
2
1 7527 1
1 26343 1
1 39822 1
3 19256 40845
3 3647 6704
2
1 28027 1
1 9180 1
1 643 1
2
2
3 34992 74505
3 34398 75968
1 58626 1
3 71115 92264
3 40223 61959
1 198 1
3 15423 48740
1 970 1
1 5286 1
3 6980 44796
2
2
3 30490 99289
1 6657 1
1 25802 1
1 11404 1
3 42150 81015
2
1 9640 1
3 50142 50199
1 89085 1
1 16636 1
3 23173 81775
1 10125 1
2
3 59740 76446
2
3 64652 98655
2
3 37634 65995
2
3 929 48099
1 7160 1
1 6109 1
3 58824 77931
3 35270 87228
3 15514 41967
2
1 37612 1
1 14390 1
2
3 39499 43570
2
1 18156 1
3 19807 71850
2
2
3 62117 95326
3 22537 34647
1 14663 1
3 44195 87000
2
1 25731 1
1 36751 1
1 57360 1
1 34408 1
1 11126 1
3 10419 38342
2
1 12681 1
2
1 65363 1
2
2
2
2
3 8684 53463
1 33626 1
2
2
3 26657 52503
1 5833 1
2
3 5485 69696
3 39701 78379
1 19519 1
2
2
2
2
1 9671 1
3 20145 60793
3 62326 66808
3 77282 88879
2
1 3588 1
1 19764 1
3 71616 80105
3 73971 88802
3 38817 50693
3 49402 99104
1 20637 1
3 10266 37582
2
3 10184 57460
3 252 26194
1 38967 1
3 49009 57684
3 4178 24728
3 79314 81657
2
3 8274 43674
1 3425 1
2
3 50556 88456
1 11317 1
2
3 9880 32216
1 16 1
2
2
1 26872 1
3 29357 56397
2
2
1 17249 1
2
3 23884 81717
3 60145 67363
3 11103 92528
1 23534 1
3 83124 93980
1 15232 1
1 44190 1
2
1 17147 1
1 59031 1
3 24385 48173
2
2
1 7095 1
1 6055 1
2
2
1 41927 1
2
3 9331 71644
2
2
1 16894 1
3 53356 96653
3 96024 97695
2
1 7457 1
2
1 20126 1
2
3 9072 40237
3 11948 14705
1 7653 1
2
3 44003 49350
3 33357 86110
3 32575 97519
1 24562 1
2
3 35818 72181
1 6183 1
1 13505 1
3 34168 68801
1 74442 1
2
3 37886 78561
3 11274 70966
2
1 3598 1
1 11572 1
1 9524 1
3 35569 47671
2
1 640 1
2
3 68116 97798
1 56532 1
2
2
3 44354 70468
2
1 14957 1
2
2
1 9999 1
3 1283 42902
3 59881 68485
3 50334 89671
3 17662 88170
1 20804 1
2
2
2
2
3 20453 60274
2
1 1325 1
3 35426 44333
2
1 52610 1
1 15606 1
2
1 6563 1
1 1392 1
1 5902 1
1 4554 1
1 94640 1
2
1 6487 1
1 27531 1
1 63960 1
1 40983 1
1 2408 1
2
2
2
2
1 69079 1
3 26144 86014
1 75682 1
3 45626 95299
3 94488 96040
1 1870 1
2
2
1 40316 1
3 28450 84626
3 42782 64568
1 20380 1
2
3 21200 41547
3 9245 39995
2
1 14277 1
3 27577 61012
1 14312 1
2
2
1 26432 1
2
3 70899 73977
1 10309 1
2
3 7585 8193
1 4293 1
1 53780 1
2
1 54894 1
3 40337 98720
3 60200 71551
2
1 7720 1
2
2
3 36969 65722
1 46042 1
1 5792 1
2
3 36831 95795
1 13355 1
2
3 9710 79699
1 14049 1
2
3 35491 47448
3 57486 77875
3 30009 95747
3 25152 41150
1 14785 1
2
2
1 19629 1
3 52354 53982
3 37293 82396
2
1 3482 1
2
3 31213 33769
2
2
2
3 86961 99111
3 5109 28615
3 67110 78925
3 14335 15591
1 3590 1
2
1 2551 1
2
3 50384 54353
2
1 15717 1
1 41419 1
1 37031 1
1 38594 1
3 3749 70424
1 5848 1
3 21079 69983
1 8767 1
2
3 8749 32585
2
3 21272 50117
3 3524 30786
3 67304 83683
3 115 75619
1 4381 1
3 19532 32039
3 40171 69663
1 81400 1
1 17493 1
1 28725 1
1 6482 1
3 83888 92320
1 51852 1
3 69513 82114
3 14629 86866
1 48309 1
1 11693 1
3 57441 87712
2
3 22153 51380
2
3 27082 39760
1 42707 1
1 26470 1
1 47237 1
3 8503 39942
3 19112 86050
3 69120 74867
2
1 64991 1
2
1 4661 1
2
2
1 25559 1
1 2572 1
3 54507 94617
3 17328 71554
1 21823 1
1 15257 1
3 46765 88763
2
3 25578 57617
1 11119 1
3 43923 76540
2
1 16341 1
1 44261 1
1 1633 1
1 52751 1
1 43694 1
1 11485 1
1 3641 1
1 7080 1
2
3 12193 75386
1 4935 1
2
1 67040 1
1 39949 1
1 5643 1
3 26170 75223
1 80426 1
1 79586 1
2
2
3 2304 54092
2
3 25067 82519
1 11368 1
1 63609 1
2
1 37756 1
2
2
2
1 3625 1
3 38337 66421
1 19231 1
3 77214 92466
3 75932 84858
3 8178 58850
1 31279 1
2
2
1 5237 1
2
2
1 24033 1
1 17518 1
2
2
2
1 55321 1
1 1535 1
1 27875 1
2
1 52954 1
2
2
2
1 5404 1
1 24325 1
2
1 1344 1
3 53250 80247
1 44337 1
2
1 33752 1
3 38060 73702
1 17631 1
2
3 10513 67672
3 88259 97498
3 51502 55297
3 3020 52268
3 5954 89424
2
1 11712 1
1 37483 1
1 27625 1
3 1752 87311
3 8735 61341
2
1 21768 1
3 3018 44960
2
1 30064 1
2
1 20407 1
2
1 8275 1
1 39711 1
1 45889 1
1 2293 1
2
3 27276 38995
1 69535 1
2
2
1 9715 1
3 49806 77076
2
1 30073 1
2
1 31347 1
2
2
3 36629 51891
1 21219 1
1 7711 1
1 41388 1
1 19082 1
2
2
3 47787 64125
1 11110 1
3 12790 79673
1 8996 1
3 27598 51980
3 93197 98944
3 36901 75895
3 71980 79141
3 36105 41184
2
2
2
3 97401 99299
2
2
1 1560 1
3 79846 93707
1 10858 1
2
1 840 1
3 33375 62403
1 39031 1
2
2
3 11766 87073
2
1 74825 1
3 70042 84858
1 22930 1
3 37896 47317
3 67697 73003
2
3 6216 16077
1 49882 1
2
3 17813 78040
2
3 56289 72747
2
3 6104 27793
3 22180 37773
3 58033 88041
2
3 4644 22835
2
3 874 66188
2
1 42172 1
3 58998 66030
2
3 25591 65208
3 32273 87663
3 38089 38856
1 46861 1
1 13264 1
2
1 4922 1
2
1 13320 1
1 25018 1
3 23649 63688
1 15373 1
3 37504 93029
3 21730 22802
2
1 43935 1
3 47017 90396
1 15867 1
3 4117 36631
1 11214 1
2
2
1 1261 1
2
1 10541 1
1 27607 1
2
1 15493 1
3 4282 69509
2
3 26755 68356
2
2
2
2
3 67898 81476
1 42888 1
2
3 58967 76512
1 48444 1
2
1 17891 1
1 22346 1
3 19357 47285
3 13367 76409
2
1 28432 1
1 27793 1
3 30215 74361
3 44299 54568
1 62947 1
1 2084 1
2
2
1 31409 1
1 14247 1
3 18620 97242
3 99309 99630
1 4215 1
2
1 39004 1
3 34640 44236
1 48850 1
1 13871 1
3 25584 30741
1 68905 1
2
1 16843 1
1 11294 1
1 4600 1
3 2354 30629
2
2
1 1688 1
2
2
2
1 20864 1
2
1 1046 1
2
2
1 36076 1
3 17019 91821
3 42682 91591
3 19336 35595
3 36982 83224
2
3 36097 77124
3 15258 34223
2
3 29208 96427
1 51346 1
2
2
2
3 40569 93625
1 388 1
2
1 15474 1
1 10038 1
1 16557 1
1 172 1
2
1 11464 1
2
1 15058 1
3 82314 86915
1 1342 1
3 16980 28003
2
2
2
2
3 40124 93898
1 54671 1
2
3 54761 56310
3 48052 73823
2
1 6751 1
1 20265 1
2
2
1 1674 1
2
2
2
2
2
1 20418 1
1 13737 1
1 74737 1
1 39533 1
3 11288 56665
1 31038 1
3 44099 79714
2
1 6364 1
2
1 34046 1
3 20241 39353
3 77918 81448
3 16652 27837
1 16174 1
3 14252 68495
2
3 44110 70051
1 36306 1
1 49173 1
