1000
2
3 40574 75278
2
1 26804 86172
2
3 25516 65858
1 1809 96264
2
1 17210 378
2
2
2
3 2359 37134
1 66629 29
3 9995 38599
2
1 20613 468
2
2
3 82611 89705
1 9886 19469
1 23947 45732
3 17554 41037
3 32269 34432
3 22382 76564
2
1 13135 174
3 8533 91453
2
1 16766 445
2
2
3 52327 66713
1 3058 88085
1 1201 345
1 18916 7
1 2693 486
3 7677 23871
3 13934 88891
3 55070 66315
1 2067 28
2
2
1 58073 508
1 40621 13109
1 7871 338
2
2
1 8151 249
1 43695 42717
3 10420 94874
2
2
2
1 3401 15506
1 8068 394
2
2
2
1 7340 226
3 15547 56562
1 2237 344
2
3 19285 39087
2
1 12789 70945
3 22026 52284
1 65354 138
2
2
1 2073 91991
3 2173 56377
1 7093 36482
3 67427 97176
1 426 84303
2
3 50315 61231
3 51638 79755
3 68491 92320
1 42308 10
3 85131 87905
3 35488 71683
1 40591 73765
1 39515 51108
1 84495 95466
1 30064 309
2
3 32802 86843
1 36928 8347
2
3 33843 97577
2
3 20891 77202
1 6655 2097
1 8216 92506
1 3402 323
2
1 35099 92152
1 10187 274
1 16417 498
3 24852 92329
3 89796 92473
3 21020 44836
1 55965 26328
1 28283 78860
3 88611 88849
1 52250 99060
2
2
3 47169 87008
2
2
2
1 19832 374
1 70932 574
3 4084 50489
1 2621 190
2
1 6065 89761
2
2
2
3 14542 51660
2
1 75252 74435
2
3 21117 54127
3 33599 67355
1 27619 75201
1 3683 533
3 32320 39086
2
1 37880 92
2
2
3 29390 98937
2
3 86865 86884
1 3150 77949
1 41449 23341
3 22285 39070
3 75425 86536
2
1 32096 571
3 85228 97167
3 1039 58312
1 3731 435
3 97854 98540
2
1 2696 75438
2
3 49484 67722
1 12850 98054
1 37911 11504
3 22415 39358
3 37273 91040
2
3 43488 48051
3 48499 90679
3 23525 54060
3 571 52128
3 73352 94078
2
1 316 34896
2
3 5400 74190
3 17926 26719
3 25590 73007
1 18419 31676
2
2
2
2
2
1 20316 28798
2
2
1 30858 95803
1 19271 6936
3 6456 42320
2
2
3 13066 67369
2
2
2
2
1 1458 75354
1 3935 82703
3 12865 55177
2
2
1 4157 83098
2
1 14486 38
1 35490 71235
2
1 20167 96466
2
1 18624 110
3 23566 45378
1 6535 463
2
1 10976 58716
3 32261 65681
3 60864 62146
2
1 13237 37
1 3768 23546
2
1 39742 477
3 21938 99823
2
3 6831 61697
2
2
2
3 17475 52788
2
2
3 77350 83765
1 8285 180
2
2
2
3 57546 66376
2
1 37589 510
2
1 27231 94159
1 26768 50654
3 56578 83968
1 6866 24
1 70820 58085
2
3 29319 82974
2
1 8881 54165
3 38768 81520
2
1 28130 205
2
1 18928 387
3 22454 24206
3 79119 79323
3 58652 68828
3 5893 24784
3 85010 94581
1 2347 585
3 28955 93917
2
1 30484 86887
1 1944 447
2
1 6378 533
3 25947 52127
1 17524 10956
1 2615 95539
2
3 22680 27910
3 11334 61045
1 57237 121
1 53476 580
2
1 57924 155
1 6233 9399
1 799 429
1 4721 78462
2
3 10680 29954
3 17628 61285
2
3 25479 65255
3 44421 48748
2
2
1 383 427
1 36596 72017
2
1 20535 323
3 73909 84075
2
1 6136 97408
3 13993 55020
1 30583 51690
2
2
2
3 43810 81169
1 6442 86963
1 3100 89679
3 4697 91372
1 24028 95
3 64179 73133
3 24071 85101
1 25527 13750
3 66880 83567
3 9241 26802
2
1 13380 67557
3 31606 40973
3 37509 51792
3 38218 56953
1 15889 78
1 63934 181
3 36749 55302
1 31095 277
1 45914 79843
2
1 26400 450
1 2304 4172
2
1 7801 510
2
2
3 45229 92422
3 7347 59486
3 22709 41489
1 6610 46637
1 76391 17
2
2
2
2
3 7740 32145
1 36333 59032
3 28637 71671
1 4082 26749
3 38543 98733
3 31016 66768
1 21184 77048
2
1 6984 43
3 35395 67821
3 78495 78551
3 60444 98228
3 64919 72594
3 48038 84332
3 65822 95202
1 2057 180
2
3 2820 37722
1 12427 55233
3 5809 61272
1 33320 195
3 57159 60046
1 473 1725
1 15627 25228
2
3 71558 78896
1 9979 77935
1 1138 86033
3 75900 92378
1 4049 425
3 10695 34351
1 1259 394
3 48839 63294
3 44086 82972
1 29296 566
2
1 9349 54421
1 5492 57805
3 50128 70318
3 728 35164
1 1868 60
2
2
1 34379 205
1 13895 99929
3 44329 70496
3 49153 63721
1 13135 12
1 6554 472
3 4690 48299
1 96558 148
2
2
2
1 9245 99
2
3 35219 70327
1 985 291
2
3 57625 74358
1 21261 420
3 48109 95114
3 64879 81772
1 49870 298
2
1 1180 40
3 48503 88151
1 20253 412
2
1 19730 560
1 46457 361
3 31892 54749
1 24137 5131
3 16735 32560
1 82826 482
2
2
2
2
2
3 35158 56156
2
2
1 30340 180
2
1 11936 61926
1 3003 82508
3 17283 61305
3 20549 62711
3 97 28698
1 29821 65628
1 35017 30963
3 28694 35339
3 33267 85692
1 26697 602
1 9129 243
1 27598 64002
3 87590 90738
2
1 46750 573
2
2
1 16772 310
2
1 25373 224
2
3 65508 68389
2
1 65135 530
1 49834 26
2
2
1 73684 565
2
3 67809 81717
3 67675 77950
1 25755 171
3 51391 60106
3 13192 46870
2
1 19496 584
1 15380 473
1 63269 309
1 20264 406
3 10074 47696
3 57480 73962
3 19895 56484
2
1 17298 508
2
3 7693 52481
2
1 15144 380
1 59374 11374
3 36994 69986
2
2
3 53980 83791
3 34359 67298
1 81067 485
3 26895 97787
3 47508 91742
1 8022 288
1 2689 559
1 57353 52412
3 516 32331
2
1 1331 243
3 42535 42634
1 25703 401
1 6044 70930
1 43411 11
2
3 1781 72528
3 18648 21210
1 44914 5898
3 7430 50142
2
1 30406 343
2
1 33701 42391
2
2
3 14268 54499
1 6943 177
3 13682 96421
1 13835 423
3 2704 83459
3 16971 37957
1 620 499
1 5876 20538
2
2
3 31749 43828
3 42401 99651
1 75574 285
3 3265 38684
1 32094 187
1 25384 154
1 35823 176
1 63344 259
1 92712 193
2
1 69147 98538
1 3963 164
1 81203 114
1 15747 271
1 18214 55
3 4784 21308
1 77353 75854
2
3 596 84248
1 18028 31062
3 68225 73752
3 15169 68878
1 44873 14767
2
2
3 485 83095
1 53767 51531
1 21765 6
2
3 8193 91753
2
2
2
2
2
3 71771 72931
1 51868 50082
3 50425 58123
2
2
3 25210 54694
2
2
2
3 22114 78769
3 13037 59593
1 16800 133
3 7681 14128
2
2
1 17916 68289
2
2
2
1 52756 20
2
3 8632 61347
2
2
1 37063 514
2
1 24082 399
3 46607 47163
2
3 18773 83824
3 3733 29008
1 46484 2965
2
2
1 4392 38358
2
1 50793 537
1 21721 89
1 3736 113
1 80650 502
1 50795 330
2
1 28758 292
3 39629 69485
3 33888 57969
2
2
2
1 20762 32808
3 46240 94020
3 29388 57850
2
2
1 14694 13199
3 2459 4166
3 15496 94048
2
3 11041 29203
3 26633 42019
3 23251 84474
1 11289 504
3 8516 95915
1 12536 19556
2
2
3 21389 98107
2
3 45916 79379
1 2068 59358
2
1 33104 57236
2
1 19267 99557
2
3 30368 95822
3 8132 74486
1 8523 160
2
2
3 22710 62782
3 86861 88237
1 5817 102
2
1 2939 67802
3 58345 87606
2
2
1 61496 487
1 22810 23
1 52330 393
1 1010 52
1 49508 24556
1 92914 322
1 4349 21158
1 66746 83942
3 15026 24592
2
1 45004 37266
3 9633 44641
3 32978 55169
1 10292 72223
1 26310 54
1 42328 62803
1 73094 95704
3 18906 93779
2
1 3427 157
3 6373 74936
1 19967 13978
3 28409 59981
1 4656 40465
1 4634 485
2
3 29211 40487
3 2075 85693
2
2
1 19557 108
2
1 31487 44641
1 43 88155
3 1625 46268
2
2
3 4285 55431
2
1 9221 266
3 23187 38419
2
3 43255 52143
3 23878 88064
3 7739 73298
1 63 74
2
2
1 19269 57508
3 40392 81224
1 3086 450
2
3 37465 72190
3 20158 86087
3 76183 80020
1 1392 66187
3 18165 83603
1 4069 274
1 12381 10672
2
2
2
2
1 8905 120
3 42676 74259
2
2
3 33060 74206
1 1637 129
3 40908 50388
1 11588 102
2
3 14142 64840
3 12219 32869
2
3 22911 28321
2
3 36958 37545
2
1 998 486
2
2
2
3 5972 42710
2
3 19295 32519
3 12794 51674
2
3 21216 30799
1 3977 68168
1 50150 391
2
1 7952 67060
1 38417 207
3 33119 81435
2
2
1 39699 84160
3 24434 60752
1 801 151
1 28535 323
2
2
1 41064 362
3 7844 83808
3 50010 54483
3 22937 93325
1 6007 298
1 41641 77719
2
2
3 53724 64433
2
2
2
1 24760 55915
1 522 488
1 2951 262
2
1 29610 112
3 28005 98190
1 2414 237
3 20373 75451
1 15844 328
1 49839 63779
1 62277 110
3 27266 96261
1 56013 90234
2
3 42182 69102
1 52053 121
1 28444 561
1 1830 197
2
3 59345 96267
1 3279 91111
2
1 39545 64856
1 41685 203
2
3 6410 20375
1 1 49921
1 10919 171
1 29445 361
2
3 56129 77427
3 21231 35430
1 10580 90494
3 6336 93738
2
3 19856 71497
3 39789 88339
3 12269 65766
3 13647 30413
2
3 51981 56086
1 72793 230
1 43650 48914
1 3623 160
3 59026 65161
2
2
1 25260 42
1 22858 110
2
3 37205 95949
1 2731 36236
3 43043 93012
3 18420 58172
1 59346 7444
1 22334 70384
1 58166 74166
3 3056 97535
2
1 18851 582
2
2
1 9493 384
1 16392 484
2
3 79687 95655
2
2
1 41651 152
2
3 39479 81471
1 14208 16895
3 70813 96834
2
3 15249 86542
2
2
3 4004 78465
2
2
3 35858 60790
2
2
2
2
2
2
1 74206 84129
1 75031 178
1 14235 11652
2
3 50185 72163
1 4008 360
3 43308 82301
3 9295 74584
2
3 9710 56765
1 19068 88205
3 27113 33677
3 95025 95816
2
1 60005 18744
2
3 10683 80219
2
3 7492 67157
2
3 12079 33801
3 5359 11667
2
1 5568 344
2
2
1 15143 59075
3 36007 72226
1 3623 140
3 11624 25685
2
3 22969 75825
1 33161 4
2
1 88645 40286
3 25382 68777
1 10127 540
2
2
2
2
2
3 14447 32886
2
1 41878 333
3 15485 86218
2
3 7795 8083
1 47361 374
1 14933 30291
1 56812 35710
1 3743 94607
2
2
3 16644 60840
3 47839 68634
2
3 36007 62566
1 72252 73
1 13122 285
1 44265 61067
1 37079 82066
1 4272 243
3 39412 46393
1 35687 370
1 52607 495
1 23509 317
2
3 20164 33645
3 6192 72558
1 41973 555
1 49915 209
1 36624 565
2
2
1 5304 38072
3 39507 81613
3 57079 99221
1 699 92380
2
3 47282 65853
2
2
3 3121 19307
1 2580 544
2
3 16958 93445
1 2479 80
1 67174 451
1 37861 558
3 57571 69855
1 79746 43856
1 7296 40268
1 23133 525
2
2
1 7294 97483
3 14447 71200
2
3 78722 88978
1 49701 567
1 38889 70635
2
3 35867 61611
2
3 3334 41307
2
3 18801 31840
3 83009 94888
2
3 48874 50397
2
3 13143 53892
2
1 8599 12984
3 314 79194
1 50630 314
2
3 27875 61062
2
2
2
1 15428 26937
3 14867 48620
3 18054 81411
3 13599 95326
1 25185 40984
3 73737 82951
1 11137 66836
3 41546 45694
2
3 22929 23440
2
2
2
1 3364 541
3 68934 85231
1 26713 56129
3 44379 81884
3 25821 70536
3 65102 93975
1 49202 80
2
1 41146 30988
3 66393 97057
2
1 37935 537
2
1 2736 450
1 5414 124
2
2
2
3 3663 67400
3 42430 75941
1 6211 335
3 39152 98934
1 78974 28
2
1 15455 10809
1 46239 127
2
2
3 9183 37311
3 21587 41111
2
3 56396 99624
2
2
2
2
3 28742 81694
1 33497 359
3 71183 78594
2
3 34989 50096
1 81054 26683
3 8600 36510
1 41973 571
