1000
1 18206 1
2
2
1 5786 1
1 10982 1
1 29304 1
1 12953 1
2
2
1 4939 1
3 40304 50375
3 21814 81320
3 6036 62514
3 47763 93551
3 53769 64433
1 25020 1
1 2056 1
3 10980 21911
1 5969 1
3 22767 99647
1 2038 1
3 27640 92049
2
1 27791 1
1 15142 1
1 3702 1
3 20254 98235
3 37462 80270
1 27187 1
2
1 84911 1
3 66276 89485
2
1 43641 1
3 21847 85796
2
1 33 1
1 77995 1
1 14861 1
2
3 52852 79238
2
2
1 38827 1
1 22771 1
1 166 1
2
3 846 13802
2
2
3 858 11440
1 15735 1
3 59650 79681
2
1 83658 1
1 6204 1
2
3 7139 69888
1 41653 1
3 25296 65002
1 21383 1
2
1 24436 1
3 64235 76431
2
2
3 3285 88232
1 18532 1
3 10421 33770
2
1 4989 1
2
1 22698 1
3 19308 32480
1 18706 1
1 18633 1
1 21531 1
1 412 1
3 78145 99791
3 59651 74663
3 42301 70260
3 39189 67706
2
2
3 25446 36622
2
3 36730 93560
2
2
1 17169 1
3 18021 68277
1 29426 1
3 69016 96507
3 47520 49678
1 16324 1
1 11363 1
1 87 1
3 22517 91510
2
3 94870 96657
1 54485 1
3 5782 79775
2
3 65142 83335
3 29014 33013
1 62797 1
1 65408 1
2
2
2
3 2613 88853
3 43397 94843
1 63317 1
1 44460 1
2
3 40857 67503
1 29359 1
2
2
1 2888 1
3 8328 78431
2
2
1 36059 1
3 77809 83656
1 1070 1
2
1 7181 1
3 39068 66622
2
3 12871 75898
2
1 19774 1
1 28182 1
1 8892 1
2
1 18234 1
3 17741 55234
1 6997 1
1 2763 1
2
3 12037 15633
2
2
2
1 3756 1
2
1 6689 1
3 71489 89961
3 32092 48656
1 3186 1
1 21177 1
1 1287 1
3 62834 63986
3 30032 77276
3 10111 23767
3 16423 30588
2
2
3 878 95724
3 21118 42181
1 57694 1
3 25852 52825
3 6189 85470
3 54351 58281
3 53886 85743
1 31233 1
2
2
2
2
3 32269 95439
3 74449 75226
1 6480 1
2
1 8720 1
1 74315 1
2
1 3849 1
3 22907 23762
2
3 84921 85302
3 11936 89892
2
2
1 5576 1
2
1 10417 1
2
3 44784 72070
2
2
2
3 19819 78648
3 21091 63949
3 46028 86618
1 10675 1
1 5849 1
1 3977 1
3 58907 97873
1 20636 1
1 14375 1
3 27056 33577
2
2
3 18184 28442
3 42937 70609
1 1 1
1 2416 1
3 43639 53954
2
1 23161 1
3 79760 97093
1 2297 1
1 9971 1
1 35187 1
3 34723 37916
1 41129 1
1 4717 1
2
2
1 1984 1
3 9466 38430
3 5577 35522
3 30512 67149
2
3 409 58452
3 51483 96367
1 92614 1
2
3 48997 65123
2
3 27389 33531
3 74078 94194
3 53633 94602
1 4448 1
1 272 1
1 1390 1
3 31856 89705
2
2
3 14363 62621
2
2
3 61253 79915
1 8521 1
2
3 17372 38689
1 50033 1
2
3 10086 61106
2
3 67162 69437
1 23695 1
2
2
1 18109 1
3 44149 95613
3 37084 76189
1 29829 1
1 54944 1
1 33319 1
1 40331 1
2
3 65041 77227
1 1767 1
1 57181 1
3 65702 86846
1 9663 1
3 1938 55277
1 50595 1
1 3932 1
3 22279 90046
2
1 28660 1
3 39692 75773
1 22866 1
1 29997 1
2
2
2
1 30797 1
2
2
1 49580 1
3 23273 58074
1 9297 1
2
2
1 58567 1
3 38226 62277
2
1 45303 1
3 7003 74634
3 2003 77816
2
1 75279 1
2
1 75119 1
3 13229 51347
3 27894 29077
2
2
1 83812 1
2
2
2
3 1577 74845
1 52739 1
2
2
1 17344 1
3 33285 40262
2
1 71474 1
2
3 36032 87121
1 28224 1
3 55893 70834
2
2
3 31721 88385
3 5230 37474
2
3 48077 99084
2
2
2
3 61556 69571
1 29277 1
3 85516 94694
2
2
2
2
3 2749 52540
2
1 5522 1
2
2
2
2
2
3 24717 62128
3 864 75694
1 22553 1
1 14079 1
3 34355 94752
3 28212 32568
3 78480 94574
1 6501 1
3 75020 92716
3 63243 97230
3 83166 94092
2
3 16196 32005
2
3 44867 71598
1 41074 1
2
2
2
3 18252 19445
2
1 92750 1
1 88149 1
2
1 21055 1
2
2
3 43123 51180
3 8237 12398
1 2003 1
1 11571 1
2
2
1 14653 1
2
2
3 38592 57752
1 19915 1
1 411 1
2
3 1703 55261
1 26503 1
3 20336 75705
2
1 39035 1
2
1 25164 1
1 2751 1
3 76829 84147
3 3981 81503
3 63501 68124
2
2
3 71652 86404
3 21715 37586
2
1 15939 1
3 69966 90096
2
2
1 48637 1
3 40579 73136
3 32073 45352
3 8604 38325
3 12575 66916
3 57825 66121
2
3 7185 47743
2
2
2
2
2
3 9860 98583
3 34816 53259
3 15070 94339
3 33391 89357
3 45965 72624
2
3 9505 50521
1 735 1
3 42550 65861
3 24727 43648
2
1 37849 1
1 10380 1
3 36096 42137
2
3 46324 99537
3 34253 96773
3 60761 81995
3 39117 53269
1 37866 1
3 26174 81466
1 399 1
1 29596 1
3 1650 91291
1 12817 1
1 14235 1
3 6619 78263
1 30436 1
1 62892 1
3 23953 26414
2
3 10669 99379
2
2
1 1449 1
2
3 39935 63406
1 44089 1
1 3615 1
3 63164 63761
2
1 1870 1
2
2
1 6044 1
1 172 1
2
2
1 91403 1
2
1 31263 1
1 19075 1
1 6013 1
1 30337 1
3 20450 64526
2
3 37126 71223
2
2
1 32027 1
3 46461 55867
2
2
2
2
2
1 10908 1
2
1 1151 1
1 62767 1
2
3 10039 76048
2
3 43276 74098
3 15494 29853
1 5849 1
3 67439 71151
3 16763 61832
1 35618 1
2
2
2
3 27279 82753
1 10554 1
3 47580 74238
3 62118 87944
2
2
2
3 8059 96062
1 13117 1
1 7679 1
3 32106 71403
3 23126 60539
2
2
2
3 6354 44399
2
2
3 33715 58866
2
1 16305 1
2
1 64908 1
1 15047 1
3 14666 77782
2
2
1 2154 1
1 57185 1
2
1 49511 1
1 76197 1
1 35098 1
2
3 45916 52845
2
2
1 51950 1
2
1 27835 1
2
3 56743 70285
1 11379 1
1 33661 1
2
1 6124 1
3 38902 94253
3 9524 50712
3 31904 70180
1 37643 1
1 58904 1
2
3 3406 66416
3 27723 38904
3 23631 72687
1 13052 1
2
1 50788 1
1 10714 1
2
2
1 4069 1
3 15607 26781
3 74102 74918
2
2
2
2
3 33553 74247
2
2
1 3966 1
2
1 23692 1
2
1 958 1
1 15862 1
3 62925 98967
3 57741 72187
1 86793 1
2
1 10656 1
1 26270 1
2
2
3 50921 92904
1 2226 1
1 12035 1
1 155 1
2
2
2
1 1169 1
3 51100 56298
2
3 41921 46656
2
1 14325 1
1 13592 1
1 16653 1
1 8002 1
1 16080 1
1 7390 1
3 36524 38941
2
1 12500 1
2
1 2722 1
1 9037 1
3 10048 77864
1 60128 1
3 13037 54630
1 46776 1
2
3 4375 35476
3 27611 98456
1 26230 1
1 30822 1
1 16571 1
3 26737 46133
1 1012 1
3 45991 59654
3 23841 52012
2
2
3 10758 57920
3 2306 69110
3 41630 71708
1 58334 1
3 51807 86651
3 16257 60252
1 30570 1
2
3 32994 71117
2
3 16608 47012
2
1 46306 1
3 18071 87202
3 41600 55360
1 60301 1
3 3052 68825
3 36045 56293
1 4161 1
3 54707 68005
3 18070 27880
1 4756 1
1 8813 1
3 80681 80950
1 43762 1
3 6271 20046
1 2284 1
3 13776 23125
1 18122 1
3 24513 78663
3 27518 87285
2
2
2
3 1474 34789
1 3119 1
1 28907 1
2
2
1 18795 1
2
2
3 14895 35658
2
2
1 1149 1
1 15401 1
1 7541 1
2
1 14600 1
1 31952 1
3 25656 84027
1 5483 1
1 4605 1
2
3 73821 94123
1 5587 1
2
1 36727 1
3 23464 74852
1 4530 1
2
2
1 40647 1
1 8730 1
3 5851 77154
2
1 10769 1
2
2
1 71811 1
3 2450 83987
1 13643 1
1 33816 1
3 7860 43673
1 17737 1
1 9227 1
1 67930 1
2
3 17118 78414
3 26679 98532
1 30323 1
2
3 70842 86191
1 3353 1
3 5799 46646
2
3 174 96729
3 23647 84969
1 18487 1
2
3 5381 62766
2
1 3249 1
3 1585 12501
2
3 8156 71178
2
2
2
2
1 3353 1
2
2
3 537 89901
3 71774 95281
3 75263 90180
3 49594 87622
1 3032 1
3 32898 41403
1 22322 1
2
3 7702 28159
2
3 30183 72879
3 24371 92692
2
3 18523 46572
3 13987 32163
2
3 5794 61795
3 87228 99813
3 59106 60816
1 9581 1
3 4925 80970
2
1 33571 1
1 14334 1
1 65060 1
3 40542 49558
2
2
2
3 35632 45588
2
3 44013 87549
1 202 1
3 31784 67843
2
3 5007 84678
3 40235 80652
3 28259 86291
3 7600 43235
3 2585 95218
1 16921 1
1 41996 1
1 20266 1
3 23494 44845
3 28500 29522
2
3 3129 17795
1 3660 1
3 10088 60893
2
2
3 17702 36624
2
3 53062 93672
2
2
3 51915 60972
1 20728 1
2
2
3 45381 45760
1 34234 1
1 72224 1
2
2
3 10360 25851
3 87886 97977
3 25236 47232
2
1 2568 1
2
2
1 30110 1
1 626 1
3 26404 67175
2
3 22183 83765
2
2
2
3 77640 87712
3 31706 39446
2
1 755 1
2
2
2
1 37064 1
3 30309 32870
2
2
1 16389 1
3 6268 11711
3 53771 65002
1 21295 1
2
3 16878 90919
3 16324 28067
1 11537 1
1 52398 1
3 84854 95728
3 66207 82053
2
1 68347 1
3 15497 31887
1 3072 1
1 4435 1
3 78685 94264
3 11360 22330
1 41672 1
2
2
3 19450 53881
3 44826 68305
1 1214 1
2
1 28528 1
3 26977 42694
3 64957 84112
2
1 49992 1
1 6064 1
1 13646 1
2
1 25326 1
1 14369 1
3 34687 64187
3 47496 93216
3 51356 74525
1 21871 1
2
3 66648 95986
2
1 10299 1
1 63984 1
3 60518 79540
2
3 30579 42861
3 79495 90033
1 3055 1
2
3 14653 91287
2
1 4976 1
2
1 12592 1
1 26221 1
1 41359 1
2
2
3 52817 90041
2
1 3580 1
2
2
1 51465 1
1 11793 1
3 8584 62323
2
3 64681 82161
3 4924 65267
3 23842 33988
3 33509 58677
3 17486 46014
1 79488 1
2
2
1 3043 1
3 20522 26475
3 23911 33491
2
1 31396 1
3 75186 83728
1 13916 1
3 59061 59792
3 92974 99891
2
2
2
2
2
2
3 8063 17103
2
3 48007 52017
1 18233 1
3 5887 27809
1 51001 1
3 11885 35661
3 19948 52763
2
3 17121 63925
3 4026 93299
2
1 5887 1
1 18480 1
1 15226 1
3 66187 84412
1 16343 1
3 20809 86999
3 61329 74411
2
1 38185 1
2
3 41123 45657
2
1 18387 1
3 7562 94141
1 37281 1
2
1 3244 1
2
3 16287 33802
1 4919 1
3 23224 87661
2
1 2952 1
2
2
3 29091 37099
1 11803 1
1 35874 1
2
3 49165 90379
3 22925 86189
3 74732 75096
2
3 20104 75683
1 51789 1
2
3 21145 36634
1 24732 1
3 35250 50563
1 59064 1
2
1 5503 1
1 9580 1
2
3 37859 92874
3 29893 58550
1 753 1
1 724 1
1 7117 1
1 16277 1
1 28798 1
3 18571 75810
3 61621 79855
3 45237 74923
3 3515 97163
2
1 9969 1
2
1 17991 1
2
2
1 2886 1
3 43188 99534
3 15585 94729
1 20795 1
3 49919 79708
3 28182 80474
3 82447 97628
1 31848 1
3 59455 99269
1 65021 1
2
3 41296 97008
1 54949 1
2
3 8347 11723
1 44028 1
3 57276 76754
3 27334 83883
