666 1 66
1 2
2 3
3 4
4 5
5 6
6 7
7 8
8 9
9 10
10 11
11 12
12 13
13 14
14 15
15 16
16 17
17 18
18 19
19 20
20 21
21 22
22 23
23 24
24 25
25 26
26 27
27 28
28 29
29 30
30 31
31 32
32 33
33 34
34 35
35 36
36 37
37 38
38 39
39 40
40 41
41 42
42 43
43 44
44 45
45 46
46 47
47 48
48 49
49 50
50 51
51 52
52 53
53 54
54 55
55 56
56 57
57 58
58 59
59 60
60 61
61 62
62 63
63 64
64 65
65 66
43 67
22 68
26 69
25 70
45 71
12 72
5 73
41 74
41 75
19 76
47 77
77 78
70 79
77 80
69 81
21 82
24 83
22 84
79 85
21 86
50 87
25 88
54 89
72 90
22 91
42 92
53 93
17 94
72 95
26 96
20 97
34 98
30 99
5 100
52 101
18 102
58 103
92 104
78 105
55 106
17 107
93 108
87 109
36 110
78 111
36 112
74 113
26 114
5 115
54 116
82 117
78 118
67 119
101 120
100 121
14 122
116 123
111 124
99 125
124 126
114 127
76 128
68 129
58 130
84 131
94 132
80 133
28 134
122 135
78 136
36 137
37 138
16 139
34 140
111 141
50 142
128 143
27 144
111 145
115 146
35 147
139 148
118 149
102 150
140 151
27 152
133 153
147 154
71 155
135 156
80 157
115 158
74 159
103 160
16 161
103 162
136 163
38 164
95 165
79 166
107 167
3 168
88 169
35 170
118 171
89 172
2 173
160 174
78 175
51 176
41 177
3 178
43 179
169 180
9 181
12 182
120 183
151 184
143 185
56 186
58 187
134 188
99 189
15 190
88 191
123 192
31 193
113 194
11 195
66 196
190 197
11 198
153 199
50 200
33 201
135 202
121 203
126 204
101 205
44 206
111 207
151 208
169 209
17 210
126 211
49 212
162 213
25 214
102 215
136 216
71 217
2 218
192 219
139 220
132 221
219 222
20 223
3 224
147 225
96 226
75 227
159 228
228 229
18 230
126 231
87 232
37 233
178 234
180 235
145 236
123 237
67 238
25 239
18 240
114 241
154 242
103 243
33 244
140 245
105 246
25 247
219 248
242 249
37 250
30 251
78 252
25 253
143 254
8 255
182 256
38 257
59 258
104 259
36 260
144 261
39 262
233 263
229 264
210 265
28 266
155 267
80 268
82 269
206 270
246 271
46 272
211 273
112 274
8 275
104 276
242 277
121 278
50 279
34 280
170 281
37 282
26 283
72 284
35 285
262 286
25 287
101 288
40 289
219 290
20 291
93 292
186 293
82 294
8 295
182 296
264 297
220 298
269 299
62 300
93 301
73 302
262 303
28 304
125 305
207 306
38 307
231 308
267 309
281 310
233 311
227 312
305 313
42 314
29 315
244 316
270 317
3 318
79 319
113 320
48 321
88 322
299 323
14 324
297 325
236 326
115 327
308 328
308 329
313 330
277 331
184 332
37 333
120 334
24 335
275 336
22 337
41 338
43 339
169 340
54 341
336 342
329 343
224 344
163 345
200 346
165 347
306 348
272 349
21 350
82 351
203 352
76 353
170 354
217 355
27 356
307 357
357 358
163 359
27 360
4 361
168 362
96 363
174 364
311 365
256 366
96 367
141 368
366 369
100 370
42 371
55 372
149 373
304 374
174 375
70 376
95 377
187 378
25 379
328 380
290 381
30 382
174 383
293 384
69 385
294 386
112 387
212 388
321 389
61 390
220 391
92 392
97 393
41 394
108 395
318 396
148 397
393 398
380 399
165 400
229 401
219 402
286 403
54 404
246 405
161 406
281 407
211 408
291 409
323 410
214 411
362 412
101 413
381 414
13 415
185 416
386 417
199 418
387 419
36 420
285 421
15 422
331 423
229 424
206 425
375 426
21 427
147 428
319 429
309 430
202 431
148 432
82 433
359 434
74 435
369 436
187 437
302 438
87 439
433 440
72 441
129 442
414 443
132 444
375 445
237 446
401 447
128 448
369 449
197 450
288 451
64 452
260 453
67 454
229 455
422 456
17 457
364 458
317 459
305 460
323 461
352 462
193 463
128 464
323 465
247 466
134 467
51 468
29 469
427 470
6 471
53 472
102 473
274 474
119 475
164 476
168 477
71 478
323 479
173 480
265 481
453 482
480 483
38 484
346 485
202 486
65 487
99 488
348 489
91 490
155 491
360 492
278 493
101 494
218 495
220 496
286 497
463 498
20 499
179 500
100 501
85 502
73 503
432 504
374 505
56 506
387 507
316 508
90 509
95 510
239 511
81 512
210 513
94 514
383 515
383 516
88 517
173 518
59 519
258 520
378 521
488 522
80 523
28 524
169 525
448 526
188 527
527 528
407 529
395 530
369 531
243 532
512 533
121 534
313 535
131 536
196 537
257 538
129 539
298 540
125 541
128 542
305 543
12 544
217 545
28 546
97 547
46 548
239 549
362 550
60 551
478 552
416 553
129 554
484 555
324 556
85 557
557 558
518 559
518 560
384 561
558 562
63 563
355 564
234 565
506 566
452 567
549 568
326 569
113 570
66 571
451 572
268 573
267 574
353 575
87 576
2 577
476 578
71 579
559 580
37 581
184 582
290 583
337 584
397 585
532 586
103 587
69 588
450 589
104 590
278 591
279 592
276 593
351 594
403 595
157 596
79 597
315 598
56 599
285 600
44 601
408 602
83 603
588 604
484 605
391 606
263 607
18 608
399 609
493 610
382 611
558 612
533 613
359 614
374 615
39 616
244 617
306 618
75 619
92 620
413 621
491 622
348 623
24 624
247 625
518 626
491 627
132 628
336 629
571 630
367 631
611 632
62 633
442 634
600 635
134 636
608 637
593 638
13 639
579 640
469 641
111 642
402 643
232 644
551 645
429 646
428 647
131 648
237 649
79 650
256 651
101 652
402 653
605 654
523 655
333 656
133 657
164 658
306 659
253 660
251 661
393 662
536 663
361 664
99 665
372 666
