1000 1 100
1 2
2 3
3 4
4 5
5 6
6 7
7 8
8 9
9 10
10 11
11 12
12 13
13 14
14 15
15 16
16 17
17 18
18 19
19 20
20 21
21 22
22 23
23 24
24 25
25 26
26 27
27 28
28 29
29 30
30 31
31 32
32 33
33 34
34 35
35 36
36 37
37 38
38 39
39 40
40 41
41 42
42 43
43 44
44 45
45 46
46 47
47 48
48 49
49 50
50 51
51 52
52 53
53 54
54 55
55 56
56 57
57 58
58 59
59 60
60 61
61 62
62 63
63 64
64 65
65 66
66 67
67 68
68 69
69 70
70 71
71 72
72 73
73 74
74 75
75 76
76 77
77 78
78 79
79 80
80 81
81 82
82 83
83 84
84 85
85 86
86 87
87 88
88 89
89 90
90 91
91 92
92 93
93 94
94 95
95 96
96 97
97 98
98 99
99 100
50 101
28 102
39 103
55 104
98 105
56 106
91 107
9 108
31 109
59 110
74 111
59 112
8 113
27 114
3 115
94 116
45 117
42 118
59 119
68 120
66 121
22 122
95 123
51 124
34 125
73 126
20 127
35 128
53 129
40 130
9 131
100 132
64 133
44 134
54 135
61 136
96 137
44 138
66 139
25 140
99 141
39 142
82 143
4 144
62 145
81 146
97 147
6 148
21 149
55 150
73 151
85 152
76 153
65 154
33 155
7 156
38 157
51 158
39 159
87 160
87 161
46 162
86 163
50 164
86 165
37 166
8 167
81 168
77 169
73 170
5 171
74 172
9 173
83 174
76 175
70 176
64 177
72 178
74 179
83 180
27 181
44 182
65 183
99 184
7 185
97 186
3 187
41 188
45 189
40 190
25 191
30 192
84 193
9 194
76 195
67 196
44 197
83 198
48 199
19 200
201 152
202 150
203 190
204 157
205 133
206 165
207 126
208 193
209 135
210 197
211 173
212 158
213 138
214 137
215 156
216 143
217 131
218 157
219 180
220 173
221 196
222 105
223 102
224 177
225 112
226 174
227 142
228 152
229 156
230 188
231 169
232 106
233 136
234 157
235 163
236 166
237 121
238 186
239 159
240 155
241 183
242 132
243 113
244 120
245 167
246 166
247 160
248 195
249 123
250 141
251 168
252 117
253 143
254 167
255 192
256 154
257 142
258 134
259 106
260 195
261 120
262 173
263 102
264 155
265 128
266 162
267 122
268 148
269 148
270 180
271 103
272 130
273 111
274 113
275 149
276 175
277 178
278 109
279 170
280 102
281 147
282 137
283 116
284 189
285 104
286 106
287 143
288 143
289 139
290 147
291 139
292 158
293 118
294 138
295 112
296 145
297 197
298 133
299 193
300 145
301 111
302 193
303 174
304 119
305 107
306 121
307 193
308 184
309 130
310 164
311 183
312 176
313 101
314 199
315 166
316 102
317 103
318 107
319 143
320 142
321 153
322 181
323 197
324 168
325 117
326 107
327 114
328 114
329 139
330 105
331 156
332 150
333 197
334 129
335 166
336 102
337 149
338 160
339 186
340 178
341 122
342 167
343 153
344 122
345 164
346 117
347 121
348 167
349 123
350 163
351 107
352 174
353 142
354 104
355 142
356 156
357 111
358 153
359 167
360 147
361 157
362 124
363 194
364 153
365 152
366 161
367 154
368 101
369 121
370 138
371 177
372 142
373 106
374 128
375 161
376 169
377 144
378 179
379 136
380 164
381 141
382 142
383 136
384 182
385 144
386 176
387 137
388 152
389 129
390 104
391 198
392 184
393 127
394 191
395 137
396 176
397 152
398 188
399 177
400 170
401 127
402 152
403 110
404 132
405 179
406 168
407 101
408 121
409 147
410 137
411 184
412 185
413 176
414 119
415 168
416 120
417 194
418 103
419 171
420 121
421 106
422 168
423 105
424 131
425 159
426 139
427 107
428 109
429 126
430 181
431 178
432 152
433 133
434 185
435 183
436 110
437 153
438 181
439 130
440 197
441 118
442 115
443 183
444 194
445 133
446 149
447 112
448 125
449 151
450 183
451 145
452 156
453 151
454 148
455 186
456 110
457 184
458 191
459 116
460 110
461 172
462 193
463 161
464 106
465 178
466 142
467 113
468 129
469 124
470 143
471 124
472 139
473 157
474 107
475 131
476 187
477 153
478 143
479 110
480 104
481 124
482 154
483 158
484 172
485 199
486 142
487 179
488 182
489 133
490 194
491 191
492 106
493 187
494 151
495 109
496 163
497 192
498 121
499 189
500 114
501 161
502 113
503 153
504 118
505 120
506 181
507 103
508 170
509 122
510 112
511 174
512 145
513 164
514 132
515 117
516 163
517 171
518 195
519 143
520 105
521 189
522 135
523 108
524 174
525 183
526 114
527 135
528 173
529 132
530 124
531 187
532 193
533 137
534 138
535 109
536 154
537 117
538 110
539 124
540 139
541 121
542 195
543 183
544 182
545 125
546 198
547 144
548 196
549 191
550 186
551 198
552 179
553 119
554 104
555 153
556 102
557 115
558 186
559 175
560 146
561 110
562 160
563 137
564 144
565 197
566 144
567 195
568 114
569 153
570 118
571 150
572 171
573 111
574 134
575 152
576 136
577 130
578 195
579 130
580 121
581 179
582 126
583 199
584 198
585 129
586 151
587 199
588 143
589 137
590 174
591 186
592 144
593 132
594 122
595 186
596 129
597 165
598 181
599 141
600 116
601 196
602 190
603 184
604 108
605 122
606 136
607 141
608 149
609 129
610 170
611 170
612 109
613 195
614 167
615 107
616 122
617 116
618 104
619 164
620 150
621 176
622 148
623 194
624 108
625 169
626 180
627 137
628 132
629 159
630 175
631 147
632 154
633 163
634 130
635 161
636 185
637 163
638 102
639 134
640 192
641 169
642 102
643 198
644 162
645 167
646 105
647 183
648 182
649 106
650 145
651 133
652 181
653 192
654 125
655 189
656 162
657 103
658 124
659 193
660 159
661 198
662 139
663 113
664 161
665 168
666 173
667 144
668 131
669 172
670 176
671 121
672 139
673 177
674 119
675 101
676 142
677 121
678 181
679 125
680 127
681 126
682 155
683 108
684 119
685 177
686 196
687 178
688 179
689 118
690 171
691 136
692 116
693 110
694 149
695 175
696 175
697 120
698 119
699 105
700 190
701 194
702 125
703 129
704 170
705 142
706 128
707 112
708 162
709 109
710 134
711 188
712 135
713 188
714 194
715 151
716 163
717 188
718 129
719 140
720 107
721 197
722 176
723 122
724 106
725 125
726 194
727 180
728 144
729 112
730 184
731 134
732 106
733 108
734 161
735 173
736 149
737 188
738 185
739 111
740 194
741 117
742 197
743 127
744 104
745 191
746 177
747 166
748 179
749 106
750 107
751 185
752 104
753 182
754 106
755 109
756 105
757 197
758 186
759 146
760 109
761 169
762 178
763 113
764 176
765 139
766 185
767 123
768 125
769 168
770 131
771 119
772 185
773 128
774 144
775 188
776 117
777 121
778 152
779 194
780 125
781 156
782 177
783 126
784 138
785 180
786 132
787 140
788 178
789 116
790 186
791 186
792 184
793 164
794 196
795 158
796 103
797 182
798 180
799 125
800 148
801 110
802 141
803 131
804 135
805 184
806 117
807 152
808 106
809 169
810 144
811 128
812 125
813 121
814 153
815 161
816 102
817 182
818 101
819 177
820 197
821 184
822 161
823 182
824 148
825 158
826 138
827 148
828 138
829 119
830 172
831 185
832 126
833 114
834 115
835 160
836 197
837 131
838 112
839 101
840 199
841 153
842 128
843 123
844 174
845 178
846 183
847 173
848 160
849 181
850 150
851 158
852 166
853 109
854 138
855 114
856 166
857 175
858 160
859 104
860 191
861 132
862 187
863 117
864 143
865 102
866 177
867 139
868 132
869 186
870 139
871 130
872 140
873 167
874 152
875 112
876 145
877 133
878 184
879 104
880 114
881 132
882 161
883 177
884 140
885 198
886 191
887 107
888 173
889 149
890 108
891 165
892 180
893 194
894 179
895 122
896 193
897 156
898 160
899 126
900 141
901 198
902 153
903 180
904 163
905 105
906 191
907 107
908 135
909 173
910 110
911 148
912 105
913 168
914 126
915 144
916 166
917 115
918 148
919 137
920 163
921 154
922 199
923 141
924 146
925 179
926 160
927 140
928 133
929 120
930 163
931 173
932 117
933 116
934 151
935 179
936 118
937 142
938 183
939 152
940 115
941 192
942 197
943 117
944 160
945 121
946 159
947 124
948 133
949 105
950 159
951 193
952 158
953 158
954 133
955 105
956 135
957 192
958 144
959 168
960 113
961 105
962 141
963 127
964 120
965 192
966 106
967 135
968 132
969 187
970 184
971 145
972 179
973 181
974 159
975 138
976 101
977 118
978 159
979 131
980 123
981 118
982 125
983 180
984 174
985 157
986 182
987 109
988 147
989 126
990 176
991 157
992 130
993 116
994 183
995 147
996 106
997 187
998 179
999 135
1000 174
