50
4849 1
41958 1
91803 1
168976 1
86298 43149
34094 17047
180782 90391
81224 40612
112021 70306
85839 3801
195368 19783
64095 14597
156527 109901
48301 5809
54328 13915
177503 134160
162416 127461
56812 52519
190609 97948
18058 868
183651 147474
6632 4382
158563 69389
111496 52807
24997 17712
35537 5025
25118 6583
35487 28037
157535 17745
23043 9027
189750 86080
6590 3798
180691 149055
87867 42624
33145 4179
151150 86646
164867 9417
12570 6840
133392 91457
68185 18999
177085 29738
133792 68222
56810 29841
174714 81486
185469 1008
95753 62021
17119 700
184958 132302
188608 84140
155455 70807
