50
34537 1
113300 1
170446 1
151183 1
90484 45242
63650 31825
81812 40906
87094 43547
149027 65221
185981 67845
154539 2123
5804 3064
95801 83725
73903 46826
171427 152162
192403 9555
69905 21045
148914 119348
161680 128541
189929 108809
36961 12638
94677 4897
115423 27934
73668 37827
182483 134995
136066 113575
23228 18182
173313 157947
66669 8924
51169 48580
4034 1190
1771 321
191799 5500
157212 14274
174494 16392
124002 46975
100604 64839
19942 15566
174694 21057
166786 152813
199738 4167
104538 85300
141713 138202
110292 101914
122935 5884
136649 80307
114156 3041
108836 101768
57873 23514
50747 33255
